job_id,run_id,workflow,job_name,status,conclusion,started_at,completed_at,duration_seconds,head_sha
78331459547,26585292550,ci-1-core,"core (${{ matrix.os }}, py${{ matrix.python-version }})",completed,skipped,2026-05-28T15:52:59Z,2026-05-28T15:52:59Z,0,c7b1a0b1cec8d00fb7839f16e80fc727afe0f208
78327555647,26584190081,ci-1-core,"core (${{ matrix.os }}, py${{ matrix.python-version }})",completed,skipped,2026-05-28T15:33:50Z,2026-05-28T15:33:49Z,-1,7740581eead1b536d159227707bbf68f08ef628e
78327800080,26582433908,ci-1-core,"core (${{ matrix.os }}, py${{ matrix.python-version }})",completed,skipped,2026-05-28T15:35:02Z,2026-05-28T15:35:01Z,-1,8e059ae356c0d5bf5a3dd1c31df0fc40a6f8bd2d
78321476777,26582379896,ci-1-core,"core (${{ matrix.os }}, py${{ matrix.python-version }})",completed,skipped,2026-05-28T15:04:54Z,2026-05-28T15:04:54Z,0,a08e8dbbfeda4b0da4cbce6fcf468ce2bca570ab
78313838434,26580486732,ci-1-core,"core (${{ matrix.os }}, py${{ matrix.python-version }})",completed,skipped,2026-05-28T14:28:57Z,2026-05-28T14:28:57Z,0,0e0d9d29c5c7233e46b8615e4de8a48933a3321a
78296194091,26576145241,ci-1-core,"core (${{ matrix.os }}, py${{ matrix.python-version }})",completed,cancelled,2026-05-28T13:00:32Z,2026-05-28T13:00:31Z,-1,d26f3695fad7bc65126f4d3aa7abb339017104e7
78295868914,26576051260,ci-1-core,"core (${{ matrix.os }}, py${{ matrix.python-version }})",completed,cancelled,2026-05-28T12:58:45Z,2026-05-28T12:58:45Z,0,1a612446cf94963cecef832b98d43dd345068172
78295579921,26575697493,ci-1-core,"core (${{ matrix.os }}, py${{ matrix.python-version }})",completed,cancelled,2026-05-28T12:57:10Z,2026-05-28T12:57:09Z,-1,cf172cd541ae1675532194fd90ed5db74fdaf56a
78294639157,26575319776,ci-1-core,"core (${{ matrix.os }}, py${{ matrix.python-version }})",completed,skipped,2026-05-28T12:51:52Z,2026-05-28T12:51:51Z,-1,5229536218048c04cdf4efeb8dc80688003d4420
78291823225,26574530570,ci-1-core,"core (${{ matrix.os }}, py${{ matrix.python-version }})",completed,skipped,2026-05-28T12:35:45Z,2026-05-28T12:35:44Z,-1,02d80cd030ee8de22adcb43552432819f230ff15
78286913395,26573156174,ci-1-core,"core (${{ matrix.os }}, py${{ matrix.python-version }})",completed,skipped,2026-05-28T12:06:15Z,2026-05-28T12:06:15Z,0,29e48a728bbbf995c47d03b89238c4ee41993be3
78285336215,26572993363,ci-1-core,"core (${{ matrix.os }}, py${{ matrix.python-version }})",completed,cancelled,2026-05-28T11:56:30Z,2026-05-28T11:56:29Z,-1,4c086d462088befdba0d623ff5ec56f74c223b67
78286543383,26572834869,ci-1-core,"core (${{ matrix.os }}, py${{ matrix.python-version }})",completed,skipped,2026-05-28T12:03:56Z,2026-05-28T12:03:56Z,0,f221f8f02de908a8af3f301df442bb5a42c536fd
78283943354,26572320319,ci-1-core,"core (${{ matrix.os }}, py${{ matrix.python-version }})",completed,skipped,2026-05-28T11:47:48Z,2026-05-28T11:47:48Z,0,2d17f4fa8461b6f5e32db397a96a9a2846fd93f1
78280348952,26571298882,ci-1-core,"core (${{ matrix.os }}, py${{ matrix.python-version }})",completed,skipped,2026-05-28T11:24:39Z,2026-05-28T11:24:39Z,0,59b9c4382f16bd1d77f351379a011b4ed2a3fb56
78277381576,26570443820,ci-1-core,"core (${{ matrix.os }}, py${{ matrix.python-version }})",completed,skipped,2026-05-28T11:05:04Z,2026-05-28T11:05:03Z,-1,7bb3741239e780f0a28b1161bd637f1dec2306fd
78271559582,26568726798,ci-1-core,"core (${{ matrix.os }}, py${{ matrix.python-version }})",completed,skipped,2026-05-28T10:26:41Z,2026-05-28T10:26:41Z,0,f2af18b21897c3575d3145771a121420f99a1792
78270087707,26568516790,ci-1-core,"core (${{ matrix.os }}, py${{ matrix.python-version }})",completed,cancelled,2026-05-28T10:16:52Z,2026-05-28T10:16:52Z,0,9819dc80a0e552226855880e8bd8d58ccd150f7d
78269018301,26567986016,ci-1-core,"core (${{ matrix.os }}, py${{ matrix.python-version }})",completed,skipped,2026-05-28T10:10:02Z,2026-05-28T10:10:02Z,0,1ecb7545c4a185b7c99b7697f3dfef78b58efe8b
78265457608,26567029290,ci-1-core,"core (${{ matrix.os }}, py${{ matrix.python-version }})",completed,cancelled,2026-05-28T09:47:27Z,2026-05-28T09:47:27Z,0,bdde4b407a0674ab7f1b9e95f012dd44dcb2cd03
78265377201,26566922491,ci-1-core,"core (${{ matrix.os }}, py${{ matrix.python-version }})",completed,cancelled,2026-05-28T09:46:57Z,2026-05-28T09:46:57Z,0,835a100edf799b69fbe341921b63c8d34dfabc95
78263886458,26566465475,ci-1-core,"core (${{ matrix.os }}, py${{ matrix.python-version }})",completed,cancelled,2026-05-28T09:37:38Z,2026-05-28T09:37:37Z,-1,0e047e17aa4978b05f57295f1e8b8a70a42c11ed
78262308589,26566419111,ci-1-core,"core (${{ matrix.os }}, py${{ matrix.python-version }})",completed,cancelled,2026-05-28T09:28:01Z,2026-05-28T09:28:01Z,0,7a8360930f8ae67088e4b56f1e83f01e35e54a27
78262185387,26566111629,ci-1-core,"core (${{ matrix.os }}, py${{ matrix.python-version }})",completed,cancelled,2026-05-28T09:27:15Z,2026-05-28T09:27:15Z,0,db367c80fef34cb56310a5767f12e0472ec41a91
78259313359,26565550924,ci-1-core,"core (${{ matrix.os }}, py${{ matrix.python-version }})",completed,cancelled,2026-05-28T09:09:25Z,2026-05-28T09:09:25Z,0,41708cea6b3e216fd29905120bdec908d740cfcd
78259194021,26565143755,ci-1-core,"core (${{ matrix.os }}, py${{ matrix.python-version }})",completed,cancelled,2026-05-28T09:08:39Z,2026-05-28T09:08:39Z,0,e76d999cce3535c63f4d7c6083635c14a69eb3f5
78257799490,26564994730,ci-1-core,"core (${{ matrix.os }}, py${{ matrix.python-version }})",completed,cancelled,2026-05-28T08:59:50Z,2026-05-28T08:59:49Z,-1,30785efe4a2adc8bb4a03e38094a0ebffd519718
78257252257,26564957232,ci-1-core,"core (${{ matrix.os }}, py${{ matrix.python-version }})",completed,cancelled,2026-05-28T08:56:15Z,2026-05-28T08:56:15Z,0,4dabc21a1f5fde84312e49640166ab9a6baee346
78258850823,26564609623,ci-1-core,"core (${{ matrix.os }}, py${{ matrix.python-version }})",completed,skipped,2026-05-28T09:06:25Z,2026-05-28T09:06:25Z,0,b79c448541c392d501346a32e0dfe81c69965e2d
78258497059,26564429287,ci-1-core,"core (${{ matrix.os }}, py${{ matrix.python-version }})",completed,skipped,2026-05-28T09:04:13Z,2026-05-28T09:04:13Z,0,d4a958843523af9ad0a35b9de692a63bd0db7cf7
78246868895,26561929976,ci-1-core,"core (${{ matrix.os }}, py${{ matrix.python-version }})",completed,cancelled,2026-05-28T07:49:10Z,2026-05-28T07:49:10Z,0,c695ec091d2562d0f8820d631441ae6862d79d4f
78246851676,26561914517,ci-1-core,"core (${{ matrix.os }}, py${{ matrix.python-version }})",completed,cancelled,2026-05-28T07:49:03Z,2026-05-28T07:49:03Z,0,7f5a50c64e4a6527913ad1bbc3789d995e2eaa62
78248423146,26560115842,ci-1-core,"core (${{ matrix.os }}, py${{ matrix.python-version }})",completed,skipped,2026-05-28T07:59:35Z,2026-05-28T07:59:35Z,0,f6babe8d0752bd03adfaf48998bc65a7300217f6
78238867003,26559501621,ci-1-core,"core (${{ matrix.os }}, py${{ matrix.python-version }})",completed,cancelled,2026-05-28T06:51:08Z,2026-05-28T06:51:08Z,0,f0d1080ee5308cc2a41518ae27d252265ffb12e9
78240302091,26546628871,ci-1-core,"core (${{ matrix.os }}, py${{ matrix.python-version }})",completed,skipped,2026-05-28T07:02:19Z,2026-05-28T07:02:18Z,-1,919d1bc1099a0162b21fd3aa90ebd98d71dbb0cd
78199186975,26545804540,ci-1-core,"core (${{ matrix.os }}, py${{ matrix.python-version }})",completed,skipped,2026-05-28T00:12:52Z,2026-05-28T00:12:51Z,-1,3b3e385b0662fb6c96e59a1368174cd57cab1664
78196516989,26545515632,ci-1-core,"core (${{ matrix.os }}, py${{ matrix.python-version }})",completed,cancelled,2026-05-27T23:47:48Z,2026-05-27T23:47:48Z,0,a88bd8659ca97a8c7fd87a1cf5d8eb6e995dc09d
78197519024,26545379648,ci-1-core,"core (${{ matrix.os }}, py${{ matrix.python-version }})",completed,skipped,2026-05-27T23:57:15Z,2026-05-27T23:57:14Z,-1,c6d504355e31579e2490716b3aa62c4dff374ac3
78195972324,26544914314,ci-1-core,"core (${{ matrix.os }}, py${{ matrix.python-version }})",completed,skipped,2026-05-27T23:42:52Z,2026-05-27T23:42:52Z,0,8dc2237d30ee88e16107607671a0589c557430ca
78194146453,26544268529,ci-1-core,"core (${{ matrix.os }}, py${{ matrix.python-version }})",completed,skipped,2026-05-27T23:27:02Z,2026-05-27T23:27:02Z,0,d4cd39aa767c64d45b1c83efb39eb6f43468b626
78192257110,26543883967,ci-1-core,"core (${{ matrix.os }}, py${{ matrix.python-version }})",completed,skipped,2026-05-27T23:10:29Z,2026-05-27T23:10:28Z,-1,1f817e2b94d66a425f06c4866c8484c5a915369b
78190736337,26543250224,ci-1-core,"core (${{ matrix.os }}, py${{ matrix.python-version }})",completed,skipped,2026-05-27T22:57:55Z,2026-05-27T22:57:55Z,0,6bd7418bda507b8fc8dd7cefc047d51cb899023c
78189407580,26543238311,ci-1-core,"core (${{ matrix.os }}, py${{ matrix.python-version }})",completed,cancelled,2026-05-27T22:47:09Z,2026-05-27T22:47:09Z,0,47ee13acc2cdb995669512f0141dc0075bfcde0a
78191183361,26543061630,ci-1-core,"core (${{ matrix.os }}, py${{ matrix.python-version }})",completed,skipped,2026-05-27T23:01:29Z,2026-05-27T23:01:29Z,0,c511202bcb629c81317ba52c678418ff57525c31
78186928912,26541467659,ci-1-core,"core (${{ matrix.os }}, py${{ matrix.python-version }})",completed,skipped,2026-05-27T22:28:06Z,2026-05-27T22:28:06Z,0,150fea9a0ae5aa2bb04399eca55fda9b16344698
78183681045,26541092703,ci-1-core,"core (${{ matrix.os }}, py${{ matrix.python-version }})",completed,cancelled,2026-05-27T22:04:30Z,2026-05-27T22:04:30Z,0,8910786bd3ce6f921373114ab6db7c02d9985b60
78182491769,26541053323,ci-1-core,"core (${{ matrix.os }}, py${{ matrix.python-version }})",completed,cancelled,2026-05-27T21:56:25Z,2026-05-27T21:56:25Z,0,5a66588e32bcb0ba68a21fb3c0a101b5d0aae08c
78181392341,26540247405,ci-1-core,"core (${{ matrix.os }}, py${{ matrix.python-version }})",completed,skipped,2026-05-27T21:49:09Z,2026-05-27T21:49:08Z,-1,3b4a43547dc7799061c64ed3a74e0aef419d699d
78177430443,26539165109,ci-1-core,"core (${{ matrix.os }}, py${{ matrix.python-version }})",completed,skipped,2026-05-27T21:23:54Z,2026-05-27T21:23:54Z,0,a8c80bc0704ee9e4ae1ad13ceae0f086f29734e7
78175775469,26538675224,ci-1-core,"core (${{ matrix.os }}, py${{ matrix.python-version }})",completed,skipped,2026-05-27T21:13:41Z,2026-05-27T21:13:40Z,-1,d3cf85e6197e1d21895fdd3d1b5192f3cf9dcd07
78172826679,26537895508,ci-1-core,"core (${{ matrix.os }}, py${{ matrix.python-version }})",completed,skipped,2026-05-27T20:56:28Z,2026-05-27T20:56:28Z,0,99ac5ff1268869c5165bb570b784de6366435067
78171473449,26537768837,ci-1-core,"core (${{ matrix.os }}, py${{ matrix.python-version }})",completed,skipped,2026-05-27T20:48:46Z,2026-05-27T20:48:46Z,0,46238788a2ebdb809d45c11b2e46ab7d676afb1f
78173066634,26536318706,ci-1-core,"core (${{ matrix.os }}, py${{ matrix.python-version }})",completed,skipped,2026-05-27T20:57:51Z,2026-05-27T20:57:51Z,0,bffefb28147f004ffc9a1b85c60507aac6bee28c
78173452585,26535855974,ci-1-core,"core (${{ matrix.os }}, py${{ matrix.python-version }})",completed,skipped,2026-05-27T21:00:03Z,2026-05-27T21:00:02Z,-1,2ba0f698f57b06bd516440284eff78c676f0888a
78173344663,26535750358,ci-1-core,"core (${{ matrix.os }}, py${{ matrix.python-version }})",completed,skipped,2026-05-27T20:59:27Z,2026-05-27T20:59:27Z,0,edb52d249359f4ec71cb49b752e191843cf0a997
78162216603,26535107504,ci-1-core,"core (${{ matrix.os }}, py${{ matrix.python-version }})",completed,skipped,2026-05-27T19:56:35Z,2026-05-27T19:56:35Z,0,f02f158f3a4f23c8dddd777a0dee9bf7c36c9def
78161823792,26535092411,ci-1-core,"core (${{ matrix.os }}, py${{ matrix.python-version }})",completed,cancelled,2026-05-27T19:54:23Z,2026-05-27T19:54:23Z,0,c7b3807f25d03283e7ffd8c8631aeb948fd03ffa
78163760948,26534562455,ci-1-core,"core (${{ matrix.os }}, py${{ matrix.python-version }})",completed,skipped,2026-05-27T20:05:13Z,2026-05-27T20:05:13Z,0,378f2fc0650364eaf915f5adc42d2ebf78d774b0
78149575049,26531605463,ci-1-core,"core (${{ matrix.os }}, py${{ matrix.python-version }})",completed,cancelled,2026-05-27T18:47:22Z,2026-05-27T18:47:22Z,0,178dfd422ccc90355e14ef37a7652945caf6f8b1
78137065117,26527208292,ci-1-core,"core (${{ matrix.os }}, py${{ matrix.python-version }})",completed,skipped,2026-05-27T17:39:10Z,2026-05-27T17:39:10Z,0,93e7af7fe2e502ec9e6f0677b4b6049e007796db
78130057187,26525613765,ci-1-core,"core (${{ matrix.os }}, py${{ matrix.python-version }})",completed,skipped,2026-05-27T17:01:25Z,2026-05-27T17:01:24Z,-1,822a09415d08bf7446d183097afa452b686cf37e
78115490126,26522006318,ci-1-core,"core (${{ matrix.os }}, py${{ matrix.python-version }})",completed,cancelled,2026-05-27T15:46:26Z,2026-05-27T15:46:25Z,-1,99ab9f646db53e4cb31f2684633350736a8da58b
78099829159,26517736435,ci-1-core,"core (${{ matrix.os }}, py${{ matrix.python-version }})",completed,cancelled,2026-05-27T14:32:18Z,2026-05-27T14:32:18Z,0,6ada0659f182432609651283ae4b58c4e6d8ceba
78088869025,26513898164,ci-1-core,"core (${{ matrix.os }}, py${{ matrix.python-version }})",completed,skipped,2026-05-27T13:41:00Z,2026-05-27T13:40:59Z,-1,79fbd28308b3094ee136dad392da2193b780aa1b
78086958960,26512567274,ci-1-core,"core (${{ matrix.os }}, py${{ matrix.python-version }})",completed,skipped,2026-05-27T13:31:38Z,2026-05-27T13:31:38Z,0,0f7d61b35bb06c62a6706187544150fc5fabe2ca
78079636787,26512301542,ci-1-core,"core (${{ matrix.os }}, py${{ matrix.python-version }})",completed,cancelled,2026-05-27T12:54:56Z,2026-05-27T12:54:56Z,0,a6dc594468350d6a909cac01b40075dbed53412b
78072993727,26509878543,ci-1-core,"core (${{ matrix.os }}, py${{ matrix.python-version }})",completed,skipped,2026-05-27T12:12:47Z,2026-05-27T12:12:46Z,-1,8ad59f37c2ffc3fd3bc566289a423e11795b922d
78065953597,26505816694,ci-1-core,"core (${{ matrix.os }}, py${{ matrix.python-version }})",completed,skipped,2026-05-27T11:23:21Z,2026-05-27T11:23:20Z,-1,810abfcf029f1d7d953879a29683e7c8917e383b
78036549766,26498559856,ci-1-core,"core (${{ matrix.os }}, py${{ matrix.python-version }})",completed,cancelled,2026-05-27T08:20:55Z,2026-05-27T08:20:54Z,-1,f3c50918ab1884deb3c01af670c3e01082482a7f
78032809490,26497032474,ci-1-core,"core (${{ matrix.os }}, py${{ matrix.python-version }})",completed,cancelled,2026-05-27T07:57:16Z,2026-05-27T07:57:16Z,0,f1bae3020b221c87b2cc5d65d8105019aa18971b
78019472930,26494509767,ci-1-core,"core (${{ matrix.os }}, py${{ matrix.python-version }})",completed,cancelled,2026-05-27T06:21:38Z,2026-05-27T06:21:38Z,0,8f86a6bacd210e84213eb0c6395bf674abef1f78
78019203337,26477454252,ci-1-core,"core (${{ matrix.os }}, py${{ matrix.python-version }})",completed,skipped,2026-05-27T06:19:28Z,2026-05-27T06:19:28Z,0,a10d7e507dbd2e5e7bdd7087af213936dcb471ad
77955502443,26474213187,ci-1-core,"core (${{ matrix.os }}, py${{ matrix.python-version }})",completed,cancelled,2026-05-26T20:47:41Z,2026-05-26T20:47:41Z,0,bca6df9295dbc8b555e87eadbc0830d42e498245
77855918797,26446927982,ci-1-core,"core (${{ matrix.os }}, py${{ matrix.python-version }})",completed,cancelled,2026-05-26T10:31:37Z,2026-05-26T10:31:37Z,0,93b0b7d61c489ded2574f10001fc910f63ab39f5
77851873533,26445773462,ci-1-core,"core (${{ matrix.os }}, py${{ matrix.python-version }})",completed,skipped,2026-05-26T10:05:39Z,2026-05-26T10:05:39Z,0,45ec0318dea83dcfcd35fe7bb2c1fd8cc5f084f9
77847791098,26443833475,ci-1-core,"core (${{ matrix.os }}, py${{ matrix.python-version }})",completed,skipped,2026-05-26T09:40:46Z,2026-05-26T09:40:45Z,-1,de16d4f3b13833b6cc039abac8df28a98828b627
77840509479,26442484739,ci-1-core,"core (${{ matrix.os }}, py${{ matrix.python-version }})",completed,cancelled,2026-05-26T08:56:37Z,2026-05-26T08:56:37Z,0,34bc91d4e12cbfa39963e2807be22476f292ae09
77838872071,26441223264,ci-1-core,"core (${{ matrix.os }}, py${{ matrix.python-version }})",completed,skipped,2026-05-26T08:46:14Z,2026-05-26T08:46:13Z,-1,71c3f9b5bd98db7d4a6d642f4d4a03e66f787243
77831746702,26439943139,ci-1-core,"core (${{ matrix.os }}, py${{ matrix.python-version }})",completed,cancelled,2026-05-26T07:59:54Z,2026-05-26T07:59:53Z,-1,14f9bc898acabb32b3bb5200051787e624af10ea
77831649653,26439930627,ci-1-core,"core (${{ matrix.os }}, py${{ matrix.python-version }})",completed,cancelled,2026-05-26T07:59:15Z,2026-05-26T07:59:15Z,0,a424b25a3ffd7c741873e5cef49174091cd43d52
77828712346,26436661378,ci-1-core,"core (${{ matrix.os }}, py${{ matrix.python-version }})",completed,cancelled,2026-05-26T07:38:53Z,2026-05-26T07:38:52Z,-1,f6b3c41bd6437a88e820249b35b447595491a7db
77828736028,26436376940,ci-1-core,"core (${{ matrix.os }}, py${{ matrix.python-version }})",completed,skipped,2026-05-26T07:39:03Z,2026-05-26T07:39:03Z,0,9b046d016bcd577d36d1982bd8e543499f95ccee
77816361121,26435185929,ci-1-core,"core (${{ matrix.os }}, py${{ matrix.python-version }})",completed,cancelled,2026-05-26T06:00:39Z,2026-05-26T06:00:39Z,0,2c45d1444000f391dd915ead1e62a2c7c8110590
77816307109,26435014730,ci-1-core,"core (${{ matrix.os }}, py${{ matrix.python-version }})",completed,cancelled,2026-05-26T06:00:14Z,2026-05-26T06:00:14Z,0,c9477219e186879d249639abf60e83f9bde3a061
77814629429,26434022927,ci-1-core,"core (${{ matrix.os }}, py${{ matrix.python-version }})",completed,skipped,2026-05-26T05:43:53Z,2026-05-26T05:43:53Z,0,a0740236c4a30598395fc3c8d423767b01fec9b0
77813253516,26433768410,ci-1-core,"core (${{ matrix.os }}, py${{ matrix.python-version }})",completed,skipped,2026-05-26T05:29:42Z,2026-05-26T05:29:41Z,-1,61fb7dcd693f562bfa35e847efd0786ff0549dc2
77773186362,26419983082,ci-1-core,"core (${{ matrix.os }}, py${{ matrix.python-version }})",completed,skipped,2026-05-25T21:19:33Z,2026-05-25T21:19:33Z,0,3d22325e793dc2778d3744c866b147c2885f3c9f
77772430937,26419727014,ci-1-core,"core (${{ matrix.os }}, py${{ matrix.python-version }})",completed,skipped,2026-05-25T21:11:22Z,2026-05-25T21:11:22Z,0,4b159b21bf6687c31a79c46e174ecd1cf8f85278
77768786755,26418502534,ci-1-core,"core (${{ matrix.os }}, py${{ matrix.python-version }})",completed,skipped,2026-05-25T20:34:54Z,2026-05-25T20:34:54Z,0,e14805136f7cd9c3860af9350962ec8305340408
77768040388,26418483838,ci-1-core,"core (${{ matrix.os }}, py${{ matrix.python-version }})",completed,cancelled,2026-05-25T20:27:54Z,2026-05-25T20:27:54Z,0,67b0932295f8f409d203519646056bea82c59bdd
77767170638,26418126260,ci-1-core,"core (${{ matrix.os }}, py${{ matrix.python-version }})",completed,cancelled,2026-05-25T20:19:12Z,2026-05-25T20:19:12Z,0,69ea8e047c9bb2fead48096ae5a059e667a9a2eb
77766920318,26418091825,ci-1-core,"core (${{ matrix.os }}, py${{ matrix.python-version }})",completed,cancelled,2026-05-25T20:16:34Z,2026-05-25T20:16:34Z,0,f9cff7ea862320ae7871dff9595b197edac56bc8
77763564635,26416986013,ci-1-core,"core (${{ matrix.os }}, py${{ matrix.python-version }})",completed,cancelled,2026-05-25T19:42:44Z,2026-05-25T19:42:44Z,0,0309726babc1fb2a5c47bcc837f844db7d46c8f5
77763512987,26416916181,ci-1-core,"core (${{ matrix.os }}, py${{ matrix.python-version }})",completed,cancelled,2026-05-25T19:42:15Z,2026-05-25T19:42:14Z,-1,7dfcab8e88bfa5029747f662c8f7429e8bf11e64
77763262218,26416677462,ci-1-core,"core (${{ matrix.os }}, py${{ matrix.python-version }})",completed,cancelled,2026-05-25T19:39:56Z,2026-05-25T19:39:56Z,0,c21e83c2347dca311d457761070387b39f050111
77762522386,26416666741,ci-1-core,"core (${{ matrix.os }}, py${{ matrix.python-version }})",completed,cancelled,2026-05-25T19:32:52Z,2026-05-25T19:32:52Z,0,51a068402fe481ee46acedb2e7320a816b61701a
77743434444,26410414354,ci-1-core,"core (${{ matrix.os }}, py${{ matrix.python-version }})",completed,cancelled,2026-05-25T16:33:38Z,2026-05-25T16:33:38Z,0,52d2f66f6e3d50387f1e8e56d947723e5806d0d4
77730263107,26406046721,ci-1-core,"core (${{ matrix.os }}, py${{ matrix.python-version }})",completed,cancelled,2026-05-25T14:46:45Z,2026-05-25T14:46:45Z,0,4c2e361928dc8d067a74901c62960f9fe26eec63
77716539054,26402053108,ci-1-core,"core (${{ matrix.os }}, py${{ matrix.python-version }})",completed,cancelled,2026-05-25T13:07:10Z,2026-05-25T13:07:09Z,-1,3ea8b715c1f23cebc41c118b3f1f456e8e764220
78460218756,26624999424,ci-1-core,"core (${{ matrix.os }}, py${{ matrix.python-version }})",completed,cancelled,2026-05-29T07:50:27Z,2026-05-29T07:50:27Z,0,d2d29cf6ec7a335bee888efe4749c8b1b2fcaebe
78457789721,26624414851,ci-1-core,"core (${{ matrix.os }}, py${{ matrix.python-version }})",completed,cancelled,2026-05-29T07:32:46Z,2026-05-29T07:32:45Z,-1,5e22cfe90623b877b58297b938f7545aceb0a9da
78455476343,26623719970,ci-1-core,"core (${{ matrix.os }}, py${{ matrix.python-version }})",completed,cancelled,2026-05-29T07:15:43Z,2026-05-29T07:15:43Z,0,ec56e31e6fce01c4f15988d9de6a334d22042c10
78458873098,26608328955,ci-1-core,"core (${{ matrix.os }}, py${{ matrix.python-version }})",completed,skipped,2026-05-29T07:40:36Z,2026-05-29T07:40:36Z,0,58c343067d0a34efa46a1a46e945dd5fada4a8e8
78457238159,26607754400,ci-1-core,"core (${{ matrix.os }}, py${{ matrix.python-version }})",completed,skipped,2026-05-29T07:28:49Z,2026-05-29T07:28:49Z,0,8f10db9a144c059be171f540bf37730929f1a8c8
78406287381,26606920419,ci-1-core,"core (${{ matrix.os }}, py${{ matrix.python-version }})",completed,skipped,2026-05-28T23:08:46Z,2026-05-28T23:08:46Z,0,7f7359cbaf5e6254c8e0e47bde55033a340c1af4
78513314762,26640860463,ci-1-core,"core (${{ matrix.os }}, py${{ matrix.python-version }})",completed,cancelled,2026-05-29T13:45:16Z,2026-05-29T13:45:16Z,0,d77789c7a5a49064c37e7f4ed247892c03f88db9
78513291440,26640559466,ci-1-core,"core (${{ matrix.os }}, py${{ matrix.python-version }})",completed,cancelled,2026-05-29T13:45:09Z,2026-05-29T13:45:08Z,-1,7975d598649ccb9b1cc76c242381b72bdb059506
78508258476,26639428401,ci-1-core,"core (${{ matrix.os }}, py${{ matrix.python-version }})",completed,cancelled,2026-05-29T13:16:35Z,2026-05-29T13:16:34Z,-1,60383436780fc1e6021e91c99c9ce341e97d98aa
78469925286,26628140383,ci-1-core,"core (${{ matrix.os }}, py${{ matrix.python-version }})",completed,cancelled,2026-05-29T08:58:06Z,2026-05-29T08:58:06Z,0,2790c5a03694c1d42ba293b1e3df0eee0967fc1f
78469899514,26628123427,ci-1-core,"core (${{ matrix.os }}, py${{ matrix.python-version }})",completed,cancelled,2026-05-29T08:57:55Z,2026-05-29T08:57:55Z,0,f1920b0c03ecab0f637988685638d9ec481f3948
78462498662,26625524310,ci-1-core,"core (${{ matrix.os }}, py${{ matrix.python-version }})",completed,cancelled,2026-05-29T08:06:57Z,2026-05-29T08:06:57Z,0,18a79884262961e974d647b3b34257005dab3a3c
78563763994,26655255200,ci-1-core,"core (${{ matrix.os }}, py${{ matrix.python-version }})",completed,cancelled,2026-05-29T18:36:10Z,2026-05-29T18:36:10Z,0,222b9a2054fc78f6421181336ddc67abfda461a2
78520109951,26642146452,ci-1-core,"core (${{ matrix.os }}, py${{ matrix.python-version }})",completed,skipped,2026-05-29T14:22:39Z,2026-05-29T14:22:39Z,0,24ac1055101b0e15abe5cb26d725b8b6488ad1fb
78664712171,26685974741,ci-1-core,"core (${{ matrix.os }}, py${{ matrix.python-version }})",completed,skipped,2026-05-30T17:16:11Z,2026-05-30T17:16:11Z,0,a7751c3b71db0028c1d056dde64f3dec10c12587
78652744376,26685425882,ci-1-core,"core (${{ matrix.os }}, py${{ matrix.python-version }})",completed,cancelled,2026-05-30T13:48:14Z,2026-05-30T13:48:13Z,-1,c702171d3e2db5eba47fe620c9f1cfaa750f7cdc
78652226987,26684505106,ci-1-core,"core (${{ matrix.os }}, py${{ matrix.python-version }})",completed,skipped,2026-05-30T13:38:36Z,2026-05-30T13:38:36Z,0,4119b84ae0f8960199aa5bf799fde6648d1a4473
78652211631,26684367482,ci-1-core,"core (${{ matrix.os }}, py${{ matrix.python-version }})",completed,skipped,2026-05-30T13:38:20Z,2026-05-30T13:38:20Z,0,d650db3a7f8963143cd7614f8841afb09b510ce5
78649246440,26684071670,ci-1-core,"core (${{ matrix.os }}, py${{ matrix.python-version }})",completed,cancelled,2026-05-30T12:41:49Z,2026-05-30T12:41:48Z,-1,862d61351e39adf0ab94b95adcb1277be2602400
78649238243,26684062892,ci-1-core,"core (${{ matrix.os }}, py${{ matrix.python-version }})",completed,cancelled,2026-05-30T12:41:39Z,2026-05-30T12:41:39Z,0,6f1e47198ac258feb2ca97c75b023b6d2c0e9209
78647832267,26683534753,ci-1-core,"core (${{ matrix.os }}, py${{ matrix.python-version }})",completed,cancelled,2026-05-30T12:14:43Z,2026-05-30T12:14:42Z,-1,a80c0fd12b2d3a5c67db54cb249f78cf7a3c2f24
78647812078,26683528686,ci-1-core,"core (${{ matrix.os }}, py${{ matrix.python-version }})",completed,cancelled,2026-05-30T12:14:18Z,2026-05-30T12:14:17Z,-1,b4bc8d6fea7aa1af286a3f92caf03f1343528838
78648306978,26683121207,ci-1-core,"core (${{ matrix.os }}, py${{ matrix.python-version }})",completed,skipped,2026-05-30T12:24:07Z,2026-05-30T12:24:07Z,0,0e00cca91388b944ed06028acf86e296ae16c219
78645211949,26682494274,ci-1-core,"core (${{ matrix.os }}, py${{ matrix.python-version }})",completed,cancelled,2026-05-30T11:20:42Z,2026-05-30T11:20:42Z,0,1b5acd071f3a8f3d944eef2b5d87550f901c1e51
78645190814,26682487013,ci-1-core,"core (${{ matrix.os }}, py${{ matrix.python-version }})",completed,cancelled,2026-05-30T11:20:16Z,2026-05-30T11:20:16Z,0,544a04b5d422f9162993e0909483948837d677ac
78637811785,26679686730,ci-1-core,"core (${{ matrix.os }}, py${{ matrix.python-version }})",completed,cancelled,2026-05-30T08:52:05Z,2026-05-30T08:52:05Z,0,b7c4cb7a1df41da8bcf5e03686b2cdf3bad7cc8f
78637786168,26679680678,ci-1-core,"core (${{ matrix.os }}, py${{ matrix.python-version }})",completed,cancelled,2026-05-30T08:51:36Z,2026-05-30T08:51:36Z,0,e8721d949a2300f4d54af4dbe8c7cb21f2172f82
78634307163,26677277105,ci-1-core,"core (${{ matrix.os }}, py${{ matrix.python-version }})",completed,skipped,2026-05-30T07:43:28Z,2026-05-30T07:43:27Z,-1,343c09a72760bceea11b312a11b1aef808f43fa0
78636251269,26677153267,ci-1-core,"core (${{ matrix.os }}, py${{ matrix.python-version }})",completed,skipped,2026-05-30T08:21:51Z,2026-05-30T08:21:51Z,0,b27f2f4cf771eef34040d5a1589febc2c204ec83
78631263470,26677058567,ci-1-core,"core (${{ matrix.os }}, py${{ matrix.python-version }})",completed,skipped,2026-05-30T06:46:42Z,2026-05-30T06:46:41Z,-1,c1560416dcd419ffc84963867dcf72a4334f379e
78711830921,26707625654,ci-1-core,"core (${{ matrix.os }}, py${{ matrix.python-version }})",completed,cancelled,2026-05-31T08:24:25Z,2026-05-31T08:24:25Z,0,099b39a02b85d30e63dc6a1795912791abb1b5b4
78711824356,26707620650,ci-1-core,"core (${{ matrix.os }}, py${{ matrix.python-version }})",completed,cancelled,2026-05-31T08:24:17Z,2026-05-31T08:24:17Z,0,549112232834374f3e1003f0439eb45a5f3c5a6d
78711800710,26707614087,ci-1-core,"core (${{ matrix.os }}, py${{ matrix.python-version }})",completed,cancelled,2026-05-31T08:23:49Z,2026-05-31T08:23:49Z,0,207005b5fd2bacdebf029a398d928ff95be58e0a
78711795017,26707606162,ci-1-core,"core (${{ matrix.os }}, py${{ matrix.python-version }})",completed,cancelled,2026-05-31T08:23:43Z,2026-05-31T08:23:43Z,0,d961ee1e79bd2c8feb4dcf3824fb8b561d4ed1c6
78667316806,26690988613,ci-1-core,"core (${{ matrix.os }}, py${{ matrix.python-version }})",completed,cancelled,2026-05-30T18:01:59Z,2026-05-30T18:01:59Z,0,53ce15eae857181e9c73d01f006ee3c197c63bbc
78667818180,26690212097,ci-1-core,"core (${{ matrix.os }}, py${{ matrix.python-version }})",completed,skipped,2026-05-30T18:11:05Z,2026-05-30T18:11:04Z,-1,5c9158edbe4d9ba4fe0f2787f7add711cd9d53fa
78799632148,26739405045,ci-1-core,"core (${{ matrix.os }}, py${{ matrix.python-version }})",completed,cancelled,2026-06-01T06:41:35Z,2026-06-01T06:41:35Z,0,f5a7a6d2f21f3ab2a21cf90f05608c0f6c7dde16
78795052953,26737635903,ci-1-core,"core (${{ matrix.os }}, py${{ matrix.python-version }})",completed,skipped,2026-06-01T05:59:23Z,2026-06-01T05:59:22Z,-1,f79e627fd0acf6e8d88ae76dc5e5c2be8290c6fc
78794104053,26737623120,ci-1-core,"core (${{ matrix.os }}, py${{ matrix.python-version }})",completed,cancelled,2026-06-01T05:49:43Z,2026-06-01T05:49:43Z,0,33d9551eafa4a60df54e433196b8b946fe31bde4
78745666026,26719930774,ci-1-core,"core (${{ matrix.os }}, py${{ matrix.python-version }})",completed,skipped,2026-05-31T17:58:59Z,2026-05-31T17:58:59Z,0,3526ad7b442183e26af4e66747af0620f373b518
78740737002,26718290003,ci-1-core,"core (${{ matrix.os }}, py${{ matrix.python-version }})",completed,cancelled,2026-05-31T16:38:35Z,2026-05-31T16:38:34Z,-1,12cba20e350b67f8d666a425e598f31a2ebdad0f
78740685840,26718273592,ci-1-core,"core (${{ matrix.os }}, py${{ matrix.python-version }})",completed,cancelled,2026-05-31T16:37:46Z,2026-05-31T16:37:46Z,0,608c6093f1c9bfb8b2aaca37ece003b58018a75e
78740641096,26718236643,ci-1-core,"core (${{ matrix.os }}, py${{ matrix.python-version }})",completed,cancelled,2026-05-31T16:37:02Z,2026-05-31T16:37:02Z,0,77f18a10cfbaa1c33252d07f8baba39286083dd4
78739018141,26715207732,ci-1-core,"core (${{ matrix.os }}, py${{ matrix.python-version }})",completed,skipped,2026-05-31T16:10:51Z,2026-05-31T16:10:50Z,-1,cfc45de5eaa780762c74bdfcd9b093dc0786228c
78738360398,26714618108,ci-1-core,"core (${{ matrix.os }}, py${{ matrix.python-version }})",completed,skipped,2026-05-31T16:00:10Z,2026-05-31T16:00:10Z,0,ef4da5900b5c2ad56a4d1e74b196357e4eecc733
78738356041,26714613263,ci-1-core,"core (${{ matrix.os }}, py${{ matrix.python-version }})",completed,skipped,2026-05-31T16:00:08Z,2026-05-31T16:00:07Z,-1,69c290c638ecc2480c639bab4454affc2a9b1a0e
78730769904,26714562154,ci-1-core,"core (${{ matrix.os }}, py${{ matrix.python-version }})",completed,cancelled,2026-05-31T13:56:51Z,2026-05-31T13:56:50Z,-1,6b3b8c38fe9b54008edb25e88ed02117f493c500
78730735698,26714553676,ci-1-core,"core (${{ matrix.os }}, py${{ matrix.python-version }})",completed,cancelled,2026-05-31T13:56:15Z,2026-05-31T13:56:14Z,-1,202c7007ce7319527a29fdf57d25fc6e1c000f3c
78730722693,26714542474,ci-1-core,"core (${{ matrix.os }}, py${{ matrix.python-version }})",completed,cancelled,2026-05-31T13:56:02Z,2026-05-31T13:56:02Z,0,e64faada6e70a53627810134176994031b4cc913
78731342853,26712408891,ci-1-core,"core (${{ matrix.os }}, py${{ matrix.python-version }})",completed,skipped,2026-05-31T14:06:13Z,2026-05-31T14:06:12Z,-1,01afda590c396eb8022c48e649f3ad6f54b9bf8b
78723741647,26711827627,ci-1-core,"core (${{ matrix.os }}, py${{ matrix.python-version }})",completed,cancelled,2026-05-31T11:59:10Z,2026-05-31T11:59:10Z,0,18703cd9607f8031a79d541a72e36f580918d7ef
78723331502,26711676729,ci-1-core,"core (${{ matrix.os }}, py${{ matrix.python-version }})",completed,cancelled,2026-05-31T11:51:38Z,2026-05-31T11:51:38Z,0,d559e805303fca61b2b9ba2f3debeae0144b32c3
78722934456,26711542507,ci-1-core,"core (${{ matrix.os }}, py${{ matrix.python-version }})",completed,cancelled,2026-05-31T11:44:23Z,2026-05-31T11:44:23Z,0,1d18184d8640478c4d360f53b65dda8f3cd04aa6
78721875838,26711236249,ci-1-core,"core (${{ matrix.os }}, py${{ matrix.python-version }})",completed,cancelled,2026-05-31T11:25:33Z,2026-05-31T11:25:33Z,0,e946f6bf73c3c9dea6d407fbb928e30f9a4aae5c
78720854576,26710625111,ci-1-core,"core (${{ matrix.os }}, py${{ matrix.python-version }})",completed,skipped,2026-05-31T11:06:50Z,2026-05-31T11:06:50Z,0,0373c77efeed3215bd8933e38547febc91b0b28f
78718948967,26710213138,ci-1-core,"core (${{ matrix.os }}, py${{ matrix.python-version }})",completed,cancelled,2026-05-31T10:33:36Z,2026-05-31T10:33:35Z,-1,387e805a3b5ba351544e3a75697898b0e85a12c1
78820116510,26745576676,ci-1-core,"core (${{ matrix.os }}, py${{ matrix.python-version }})",completed,cancelled,2026-06-01T09:05:53Z,2026-06-01T09:05:53Z,0,2f534605976dd90e606e4fdd5a935dd4936eea55
78820094197,26745561369,ci-1-core,"core (${{ matrix.os }}, py${{ matrix.python-version }})",completed,cancelled,2026-06-01T09:05:45Z,2026-06-01T09:05:44Z,-1,0eeee3dcd770cca45b780f2c34148d09db27408c
78809749436,26742475909,ci-1-core,"core (${{ matrix.os }}, py${{ matrix.python-version }})",completed,cancelled,2026-06-01T07:58:17Z,2026-06-01T07:58:17Z,0,2e96938841dfbe10a2c316077c7b6cc18c61a65d
78809605337,26742456210,ci-1-core,"core (${{ matrix.os }}, py${{ matrix.python-version }})",completed,cancelled,2026-06-01T07:57:19Z,2026-06-01T07:57:19Z,0,d413732eded6fdfaf5f487e27722224ebde5bfd6
78811346492,26742242138,ci-1-core,"core (${{ matrix.os }}, py${{ matrix.python-version }})",completed,skipped,2026-06-01T08:09:11Z,2026-06-01T08:09:11Z,0,87c3411c71b49d780b7ccc36cca19b54479262a2
78806213969,26741010641,ci-1-core,"core (${{ matrix.os }}, py${{ matrix.python-version }})",completed,skipped,2026-06-01T07:33:03Z,2026-06-01T07:33:02Z,-1,4b05629bfe35da94896bff4469de0ad7fbbb6d84
78804823696,26740997461,ci-1-core,"core (${{ matrix.os }}, py${{ matrix.python-version }})",completed,cancelled,2026-06-01T07:22:51Z,2026-06-01T07:22:51Z,0,26f82a156b528d2e116fe294496401ebc9875ddf
79031928239,26808449063,ci-1-core,"core (${{ matrix.os }}, py${{ matrix.python-version }})",completed,cancelled,2026-06-02T08:38:19Z,2026-06-02T08:38:19Z,0,f9e92d33201b6a9c0c298113cc0cf7b1b96d108c
79031882748,26808013165,ci-1-core,"core (${{ matrix.os }}, py${{ matrix.python-version }})",completed,cancelled,2026-06-02T08:38:03Z,2026-06-02T08:38:03Z,0,a58567a9c53575401073690f5feecdf93fd0b793
79030690270,26806393616,ci-1-core,"core (${{ matrix.os }}, py${{ matrix.python-version }})",completed,cancelled,2026-06-02T08:31:02Z,2026-06-02T08:31:02Z,0,da6cb62e6e33690c04be91c78c02c6d0db7592be
79025749768,26805524266,ci-1-core,"core (${{ matrix.os }}, py${{ matrix.python-version }})",completed,skipped,2026-06-02T08:00:45Z,2026-06-02T08:00:45Z,0,ce1566ef5ad391b6547fc076829967655d19b4a7
79023744943,26805063045,ci-1-core,"core (${{ matrix.os }}, py${{ matrix.python-version }})",completed,skipped,2026-06-02T07:48:15Z,2026-06-02T07:48:14Z,-1,b5c8264f20c3a6df96ee23f4a37b5007bdc285a3
79022290445,26805061633,ci-1-core,"core (${{ matrix.os }}, py${{ matrix.python-version }})",completed,skipped,2026-06-02T07:38:50Z,2026-06-02T07:38:50Z,0,bdbde1ea78bf038ce036e62299795e42fce546fe
79020452956,26804954578,ci-1-core,"core (${{ matrix.os }}, py${{ matrix.python-version }})",completed,cancelled,2026-06-02T07:26:46Z,2026-06-02T07:26:46Z,0,2d8198307b45571e7333f019af6ee7e0b6af885c
79020191011,26804611954,ci-1-core,"core (${{ matrix.os }}, py${{ matrix.python-version }})",completed,cancelled,2026-06-02T07:25:02Z,2026-06-02T07:25:01Z,-1,cc40fc6abf0c7685e64edaae58efa3b1999a4e21
79020067424,26804472651,ci-1-core,"core (${{ matrix.os }}, py${{ matrix.python-version }})",completed,cancelled,2026-06-02T07:24:09Z,2026-06-02T07:24:09Z,0,cd8e264c45fa71dd000e2bf711bf1fff3d02de72
79017277276,26782746041,ci-1-core,"core (${{ matrix.os }}, py${{ matrix.python-version }})",completed,skipped,2026-06-02T07:04:07Z,2026-06-02T07:04:06Z,-1,48ca56c1540fa24cd7afead2a74014b7a0451eaf
79018389692,26782515269,ci-1-core,"core (${{ matrix.os }}, py${{ matrix.python-version }})",completed,skipped,2026-06-02T07:12:21Z,2026-06-02T07:12:21Z,0,3047bf5db489b8bc6994c1ce2aaee3486c7e59df
78945963896,26781258055,ci-1-core,"core (${{ matrix.os }}, py${{ matrix.python-version }})",completed,cancelled,2026-06-01T20:51:04Z,2026-06-01T20:51:04Z,0,f0a1c1218729d479eef6ce1c70e3dcfcf0c41f98
78945945605,26781229122,ci-1-core,"core (${{ matrix.os }}, py${{ matrix.python-version }})",completed,cancelled,2026-06-01T20:50:58Z,2026-06-01T20:50:57Z,-1,03027d2b5a8da0faa3c4f1e0fcac34ce207a66c6
78945852594,26781200125,ci-1-core,"core (${{ matrix.os }}, py${{ matrix.python-version }})",completed,cancelled,2026-06-01T20:50:28Z,2026-06-01T20:50:27Z,-1,938230acd2c9e94d313ba5529e4f02eb079bc4c9
78931539814,26772639224,ci-1-core,"core (${{ matrix.os }}, py${{ matrix.python-version }})",completed,skipped,2026-06-01T19:30:44Z,2026-06-01T19:30:43Z,-1,923399a281c10e6491f651e941aa738264967cc1
78931503190,26772214710,ci-1-core,"core (${{ matrix.os }}, py${{ matrix.python-version }})",completed,skipped,2026-06-01T19:30:31Z,2026-06-01T19:30:31Z,0,32d37c4b279f46193b86e8d08cdc18511bdfd2b8
78930379377,26772002979,ci-1-core,"core (${{ matrix.os }}, py${{ matrix.python-version }})",completed,skipped,2026-06-01T19:24:02Z,2026-06-01T19:24:02Z,0,6e3b174f9869c1a41a666f9895d0a31fef29ba9b
78930419858,26771997845,ci-1-core,"core (${{ matrix.os }}, py${{ matrix.python-version }})",completed,skipped,2026-06-01T19:24:16Z,2026-06-01T19:24:15Z,-1,857555c6dc2efcf59908488a7d05440b0284d809
78929919544,26771426846,ci-1-core,"core (${{ matrix.os }}, py${{ matrix.python-version }})",completed,skipped,2026-06-01T19:21:22Z,2026-06-01T19:21:22Z,0,9396e97b0f1d91bf6947aae7ab87aacf1e244493
78911223082,26770713894,ci-1-core,"core (${{ matrix.os }}, py${{ matrix.python-version }})",completed,skipped,2026-06-01T17:37:19Z,2026-06-01T17:37:18Z,-1,bc2c0947b70ed933c6cea811eb9fd10420d45fb2
78906685447,26769418593,ci-1-core,"core (${{ matrix.os }}, py${{ matrix.python-version }})",completed,skipped,2026-06-01T17:11:39Z,2026-06-01T17:11:39Z,0,fe053c590a21d637fffa7ee81b3ff427664c70bb
78900816679,26768347526,ci-1-core,"core (${{ matrix.os }}, py${{ matrix.python-version }})",completed,cancelled,2026-06-01T16:38:52Z,2026-06-01T16:38:52Z,0,1b85f122f63441a03700ce6d976b28f590c798ca
78896574885,26766604820,ci-1-core,"core (${{ matrix.os }}, py${{ matrix.python-version }})",completed,skipped,2026-06-01T16:15:28Z,2026-06-01T16:15:27Z,-1,322c7f0b7d59cbbb4392449aea05e351f44d04e4
78894243604,26765922310,ci-1-core,"core (${{ matrix.os }}, py${{ matrix.python-version }})",completed,skipped,2026-06-01T16:03:07Z,2026-06-01T16:03:07Z,0,16474d48c484c3dcac48723368ca0851b1b01c55
78890271491,26764121129,ci-1-core,"core (${{ matrix.os }}, py${{ matrix.python-version }})",completed,skipped,2026-06-01T15:42:34Z,2026-06-01T15:42:34Z,0,66a1f5b637ba321391c51cd476701a4bc106b7cf
78890365472,26763624890,ci-1-core,"core (${{ matrix.os }}, py${{ matrix.python-version }})",completed,skipped,2026-06-01T15:43:03Z,2026-06-01T15:43:02Z,-1,9f47018e84ccbefd66add475d62e3602fb6fcf8e
78890464204,26763028159,ci-1-core,"core (${{ matrix.os }}, py${{ matrix.python-version }})",completed,skipped,2026-06-01T15:43:33Z,2026-06-01T15:43:33Z,0,579c4282a5e557272b1357b5f39a35f68d79ec0c
78882839804,26762449551,ci-1-core,"core (${{ matrix.os }}, py${{ matrix.python-version }})",completed,skipped,2026-06-01T15:05:31Z,2026-06-01T15:05:30Z,-1,ca9deb1a8724cbf9ca2e38193fdebad794c5e5a7
78880173827,26762374076,ci-1-core,"core (${{ matrix.os }}, py${{ matrix.python-version }})",completed,cancelled,2026-06-01T14:52:47Z,2026-06-01T14:52:46Z,-1,f37ec1bb3a927fcdbe7f7c55812817d83227049d
78874712923,26760968531,ci-1-core,"core (${{ matrix.os }}, py${{ matrix.python-version }})",completed,cancelled,2026-06-01T14:26:53Z,2026-06-01T14:26:52Z,-1,0ec3e0e56374f006e8bfacbdc848363cc7de151c
78866886853,26759004631,ci-1-core,"core (${{ matrix.os }}, py${{ matrix.python-version }})",completed,cancelled,2026-06-01T13:49:01Z,2026-06-01T13:49:01Z,0,bd01317c24d32b968c7c215bda57180777034d79
78866877343,26758994943,ci-1-core,"core (${{ matrix.os }}, py${{ matrix.python-version }})",completed,cancelled,2026-06-01T13:48:59Z,2026-06-01T13:48:58Z,-1,ca5caff40a2ab41d3ee6eda952e3878455ca976f
78870776138,26755586600,ci-1-core,"core (${{ matrix.os }}, py${{ matrix.python-version }})",completed,skipped,2026-06-01T14:07:51Z,2026-06-01T14:07:51Z,0,97799c5991207d7cba0b30f540cd1057bb05d951
78856155791,26754960820,ci-1-core,"core (${{ matrix.os }}, py${{ matrix.python-version }})",completed,skipped,2026-06-01T12:52:31Z,2026-06-01T12:52:31Z,0,3951215eee821e4d4c9886f4af828ae429c47c02
78850099705,26753074068,ci-1-core,"core (${{ matrix.os }}, py${{ matrix.python-version }})",completed,skipped,2026-06-01T12:16:21Z,2026-06-01T12:16:21Z,0,b933cd4240457cc1c74e2d85106c0fb3d1491a78
78845033133,26752845280,ci-1-core,"core (${{ matrix.os }}, py${{ matrix.python-version }})",completed,cancelled,2026-06-01T11:44:58Z,2026-06-01T11:44:57Z,-1,e4c949b7bdaf088f834c87e3b2d35d1e1147552d
78845008812,26752839300,ci-1-core,"core (${{ matrix.os }}, py${{ matrix.python-version }})",completed,cancelled,2026-06-01T11:44:48Z,2026-06-01T11:44:48Z,0,dd14283f95e8924e893875f734383e2840f18d6b
78840913999,26750605407,ci-1-core,"core (${{ matrix.os }}, py${{ matrix.python-version }})",completed,skipped,2026-06-01T11:18:33Z,2026-06-01T11:18:33Z,0,c877c4d3a5ac08b3db73099b420ab164c654a153
78840228451,26750562678,ci-1-core,"core (${{ matrix.os }}, py${{ matrix.python-version }})",completed,skipped,2026-06-01T11:14:04Z,2026-06-01T11:14:04Z,0,d96989aa13d91dd3ccb201195d403385693adcaa
78836769938,26749921418,ci-1-core,"core (${{ matrix.os }}, py${{ matrix.python-version }})",completed,skipped,2026-06-01T10:51:57Z,2026-06-01T10:51:56Z,-1,0c540eb2f93f2ad43ddb51a46b7ff6c682e0dca0
78836344994,26749055052,ci-1-core,"core (${{ matrix.os }}, py${{ matrix.python-version }})",completed,skipped,2026-06-01T10:49:11Z,2026-06-01T10:49:11Z,0,3d257bd64d813420cbbd1e4bc9a2161d548b1218
78831667427,26748924185,ci-1-core,"core (${{ matrix.os }}, py${{ matrix.python-version }})",completed,cancelled,2026-06-01T10:18:13Z,2026-06-01T10:18:13Z,0,013a43d4e904847aea40fbc00a24988c62d35ef6
79070916125,26819693245,ci-1-core,"core (${{ matrix.os }}, py${{ matrix.python-version }})",completed,cancelled,2026-06-02T12:29:49Z,2026-06-02T12:29:49Z,0,a01383b2b6217bfe503e86a7a629af74b6ab5d15
79070116943,26818929945,ci-1-core,"core (${{ matrix.os }}, py${{ matrix.python-version }})",completed,skipped,2026-06-02T12:25:32Z,2026-06-02T12:25:32Z,0,6535a4dfa1c1fad6a251a53b3d99b6f510288954
79068150180,26817756109,ci-1-core,"core (${{ matrix.os }}, py${{ matrix.python-version }})",completed,skipped,2026-06-02T12:14:41Z,2026-06-02T12:14:41Z,0,c93ed77333440f605111d3f98469539ce57cec2c
79067379031,26817722492,ci-1-core,"core (${{ matrix.os }}, py${{ matrix.python-version }})",completed,skipped,2026-06-02T12:10:10Z,2026-06-02T12:10:09Z,-1,bc45669ff55949caafe72eb14ab9cf2daa2a32ea
79063857959,26817162680,ci-1-core,"core (${{ matrix.os }}, py${{ matrix.python-version }})",completed,skipped,2026-06-02T11:49:33Z,2026-06-02T11:49:33Z,0,746d2d8e70e2847d55e73a7a6d749bc9b04d75ae
79062413345,26816746545,ci-1-core,"core (${{ matrix.os }}, py${{ matrix.python-version }})",completed,skipped,2026-06-02T11:40:53Z,2026-06-02T11:40:53Z,0,e07a20828008bed77ff63093616a33f525d5f4ed
79063436389,26816229574,ci-1-core,"core (${{ matrix.os }}, py${{ matrix.python-version }})",completed,skipped,2026-06-02T11:47:02Z,2026-06-02T11:47:01Z,-1,47bd14501352ac2ae34adfe89c1c437cc8fe704a
79060176160,26815942142,ci-1-core,"core (${{ matrix.os }}, py${{ matrix.python-version }})",completed,skipped,2026-06-02T11:27:34Z,2026-06-02T11:27:33Z,-1,b038ac9af1156bbf6aafa74a92b549c040cd349a
79059276790,26815849224,ci-1-core,"core (${{ matrix.os }}, py${{ matrix.python-version }})",completed,skipped,2026-06-02T11:22:04Z,2026-06-02T11:22:04Z,0,ef30783c9fcbc826d2fd455ba20733e58bce6a41
79058483907,26814628674,ci-1-core,"core (${{ matrix.os }}, py${{ matrix.python-version }})",completed,skipped,2026-06-02T11:17:05Z,2026-06-02T11:17:05Z,0,46dcaa999b0a8726a846925ce4ca0568fddb1d04
79053015318,26813873395,ci-1-core,"core (${{ matrix.os }}, py${{ matrix.python-version }})",completed,skipped,2026-06-02T10:42:51Z,2026-06-02T10:42:51Z,0,c1754230a87daf7d7b779134bddf4ffff5c56ae0
79054420680,26813715190,ci-1-core,"core (${{ matrix.os }}, py${{ matrix.python-version }})",completed,skipped,2026-06-02T10:51:36Z,2026-06-02T10:51:36Z,0,d4b14d5d8ed7e84d9760407ab0c71fd5632c1dbf
79049739098,26812810678,ci-1-core,"core (${{ matrix.os }}, py${{ matrix.python-version }})",completed,skipped,2026-06-02T10:22:34Z,2026-06-02T10:22:34Z,0,26d0e4db716b30457dd0a43197e2c160c6b2333a
79046322039,26812558869,ci-1-core,"core (${{ matrix.os }}, py${{ matrix.python-version }})",completed,cancelled,2026-06-02T10:01:46Z,2026-06-02T10:01:46Z,0,ed2ec7916a52e8a044ca1226b80e86d25cab0355
79046037640,26812534260,ci-1-core,"core (${{ matrix.os }}, py${{ matrix.python-version }})",completed,cancelled,2026-06-02T10:00:09Z,2026-06-02T10:00:09Z,0,b6ffd622fdddb6fdfff188e6cd2e00028ed9b593
79045956775,26812267724,ci-1-core,"core (${{ matrix.os }}, py${{ matrix.python-version }})",completed,cancelled,2026-06-02T09:59:39Z,2026-06-02T09:59:39Z,0,79edb38939c21380e823c44600e3680fd0f6d1e4
79046175984,26811712514,ci-1-core,"core (${{ matrix.os }}, py${{ matrix.python-version }})",completed,skipped,2026-06-02T10:00:54Z,2026-06-02T10:00:54Z,0,619f3d7e61cdba30f8fc6b7c2b971cc303b4ff85
79044356334,26810940859,ci-1-core,"core (${{ matrix.os }}, py${{ matrix.python-version }})",completed,skipped,2026-06-02T09:50:12Z,2026-06-02T09:50:12Z,0,904231bfd0ec599ac8222fd91a16ca5890a7d89b
79042900637,26810742790,ci-1-core,"core (${{ matrix.os }}, py${{ matrix.python-version }})",completed,skipped,2026-06-02T09:41:40Z,2026-06-02T09:41:40Z,0,ad3c11965b148738427fbd5293a557763405ec53
79040180735,26810251180,ci-1-core,"core (${{ matrix.os }}, py${{ matrix.python-version }})",completed,skipped,2026-06-02T09:26:24Z,2026-06-02T09:26:23Z,-1,bed3dc4533f9f97c8df95701685860d1a1245f17
79039667451,26810002733,ci-1-core,"core (${{ matrix.os }}, py${{ matrix.python-version }})",completed,skipped,2026-06-02T09:23:25Z,2026-06-02T09:23:25Z,0,c389add8ba36c17eb80af23bafaff7addb08a543
79038085323,26809445152,ci-1-core,"core (${{ matrix.os }}, py${{ matrix.python-version }})",completed,cancelled,2026-06-02T09:14:12Z,2026-06-02T09:14:11Z,-1,69efd18b5be20ae11dab43c4c8447ce7f32cf918
79228014293,26865426480,ci-1-core,"core (${{ matrix.os }}, py${{ matrix.python-version }})",completed,cancelled,2026-06-03T05:23:05Z,2026-06-03T05:23:05Z,0,e3abd3bf3b608fa78912bc927f64212ef1fd1972
79122697911,26832642030,ci-1-core,"core (${{ matrix.os }}, py${{ matrix.python-version }})",completed,skipped,2026-06-02T16:37:25Z,2026-06-02T16:37:24Z,-1,1d9ae22408694f2a6141f933c041df5ef33c44b4
79117538183,26831686740,ci-1-core,"core (${{ matrix.os }}, py${{ matrix.python-version }})",completed,skipped,2026-06-02T16:10:59Z,2026-06-02T16:10:58Z,-1,9f7406cc8a91d4208663a422f440bd9370fd60b6
79113601559,26830100793,ci-1-core,"core (${{ matrix.os }}, py${{ matrix.python-version }})",completed,skipped,2026-06-02T15:52:01Z,2026-06-02T15:52:01Z,0,a712e2a7ebdb4db42dc641d7ddcd4b2cf9e38c86
79113459604,26829998622,ci-1-core,"core (${{ matrix.os }}, py${{ matrix.python-version }})",completed,skipped,2026-06-02T15:51:20Z,2026-06-02T15:51:20Z,0,d9f76309656625a11832db7581e6d779a565aaba
79106861001,26828654376,ci-1-core,"core (${{ matrix.os }}, py${{ matrix.python-version }})",completed,skipped,2026-06-02T15:20:38Z,2026-06-02T15:20:38Z,0,a52622b0eb70ab6c82ee5c584f8fe8e644b1fab1
79105608826,26828406671,ci-1-core,"core (${{ matrix.os }}, py${{ matrix.python-version }})",completed,skipped,2026-06-02T15:14:57Z,2026-06-02T15:14:56Z,-1,abcc0e0b3395434a94ceeb1e3ca4e6644a7018cf
79104975702,26828321062,ci-1-core,"core (${{ matrix.os }}, py${{ matrix.python-version }})",completed,skipped,2026-06-02T15:12:03Z,2026-06-02T15:12:03Z,0,6c9839263a7fdfaa6768b36dbf4e2379efd3edd0
79097127265,26826920198,ci-1-core,"core (${{ matrix.os }}, py${{ matrix.python-version }})",completed,cancelled,2026-06-02T14:37:06Z,2026-06-02T14:37:06Z,0,b894ccb83559c3ab50de149c4ec39e05b8bc711f
79084775212,26823592136,ci-1-core,"core (${{ matrix.os }}, py${{ matrix.python-version }})",completed,cancelled,2026-06-02T13:40:48Z,2026-06-02T13:40:47Z,-1,d8f0b81bf03efe0951a8523eb5739eafbc9b500c
79253073088,26872175866,ci-1-core,"core (${{ matrix.os }}, py${{ matrix.python-version }})",completed,skipped,2026-06-03T08:29:22Z,2026-06-03T08:29:22Z,0,a7f98450d3bbcb3d58dfc68c55398c06ab5755c4
79249661069,26872038409,ci-1-core,"core (${{ matrix.os }}, py${{ matrix.python-version }})",completed,cancelled,2026-06-03T08:08:26Z,2026-06-03T08:08:26Z,0,0917b0ba6a220c12ab8f09de43d909e6c46ef56f
79249367999,26871038828,ci-1-core,"core (${{ matrix.os }}, py${{ matrix.python-version }})",completed,skipped,2026-06-03T08:06:36Z,2026-06-03T08:06:36Z,0,d815d699fc819972f13ad9ba024851cc3eeda123
79245883210,26870368281,ci-1-core,"core (${{ matrix.os }}, py${{ matrix.python-version }})",completed,cancelled,2026-06-03T07:44:39Z,2026-06-03T07:44:39Z,0,41e5db1c358e27e81443e4116a61bc46ed4ec24c
79242345460,26868835069,ci-1-core,"core (${{ matrix.os }}, py${{ matrix.python-version }})",completed,skipped,2026-06-03T07:21:10Z,2026-06-03T07:21:10Z,0,9c916d80b99f2aae37b14d71d5e0ccfa77462d78
79238789681,26868812204,ci-1-core,"core (${{ matrix.os }}, py${{ matrix.python-version }})",completed,cancelled,2026-06-03T06:56:05Z,2026-06-03T06:56:04Z,-1,cd8a14ff7a6ba23008ce148b09a15046cc02952a
79238711176,26868805140,ci-1-core,"core (${{ matrix.os }}, py${{ matrix.python-version }})",completed,cancelled,2026-06-03T06:55:31Z,2026-06-03T06:55:31Z,0,469e045da5b335b182992f604bd7c052678f2c94
79238685341,26868789362,ci-1-core,"core (${{ matrix.os }}, py${{ matrix.python-version }})",completed,cancelled,2026-06-03T06:55:21Z,2026-06-03T06:55:21Z,0,42fc3b906743919d48209f555dd6bc5aecda4063
79238671212,26868343931,ci-1-core,"core (${{ matrix.os }}, py${{ matrix.python-version }})",completed,cancelled,2026-06-03T06:55:16Z,2026-06-03T06:55:15Z,-1,1a1a4f5518136ab1f2f4963e7716ef5742e3ef45
79240431937,26868190091,ci-1-core,"core (${{ matrix.os }}, py${{ matrix.python-version }})",completed,skipped,2026-06-03T07:07:51Z,2026-06-03T07:07:51Z,0,0c60ab275e0dc6cbadeda4a661a9c191580ffc6c
79240159755,26868073397,ci-1-core,"core (${{ matrix.os }}, py${{ matrix.python-version }})",completed,skipped,2026-06-03T07:05:53Z,2026-06-03T07:05:53Z,0,752dea6a416654be8bbe69b38de2ec0f66e33295
79237144593,26867781601,ci-1-core,"core (${{ matrix.os }}, py${{ matrix.python-version }})",completed,cancelled,2026-06-03T06:44:15Z,2026-06-03T06:44:14Z,-1,624bc98a83d5e08d400d902f57d0883b1bd89d75
79239141077,26867452034,ci-1-core,"core (${{ matrix.os }}, py${{ matrix.python-version }})",completed,skipped,2026-06-03T06:58:35Z,2026-06-03T06:58:34Z,-1,d4397e4347be4d59e55225eb89036745fba4a58b
79235304544,26867435576,ci-1-core,"core (${{ matrix.os }}, py${{ matrix.python-version }})",completed,cancelled,2026-06-03T06:29:47Z,2026-06-03T06:29:47Z,0,568b461012a0bb313f2d9c879c17ac50fc535a5f
79238712743,26866765137,ci-1-core,"core (${{ matrix.os }}, py${{ matrix.python-version }})",completed,skipped,2026-06-03T06:55:32Z,2026-06-03T06:55:31Z,-1,0e08994ffc400835ca3b1c637dae4be6952ba557
79235112287,26866622239,ci-1-core,"core (${{ matrix.os }}, py${{ matrix.python-version }})",completed,skipped,2026-06-03T06:28:10Z,2026-06-03T06:28:10Z,0,95f95accecf1f8a85904c690a4231bcf149c1776
79300058174,26886458222,ci-1-core,"core (${{ matrix.os }}, py${{ matrix.python-version }})",completed,cancelled,2026-06-03T13:01:31Z,2026-06-03T13:01:30Z,-1,55faa202ede6ee952bd7cd314ba6299807b0021a
79300040480,26886434343,ci-1-core,"core (${{ matrix.os }}, py${{ matrix.python-version }})",completed,cancelled,2026-06-03T13:01:26Z,2026-06-03T13:01:25Z,-1,f41a047a953d87eb0b49a573bb02caa000860c64
79292072508,26881790465,ci-1-core,"core (${{ matrix.os }}, py${{ matrix.python-version }})",completed,skipped,2026-06-03T12:19:19Z,2026-06-03T12:19:18Z,-1,79ebce4ecb25c129531ceddf33fd79367d0907d7
79282608784,26880621173,ci-1-core,"core (${{ matrix.os }}, py${{ matrix.python-version }})",completed,skipped,2026-06-03T11:23:49Z,2026-06-03T11:23:49Z,0,993007f819fdbad10bba780b9f33a8832fe9dd03
79273013038,26878645203,ci-1-core,"core (${{ matrix.os }}, py${{ matrix.python-version }})",completed,cancelled,2026-06-03T10:25:00Z,2026-06-03T10:25:00Z,0,fc912d9f542255ea21266827fea8cabdbc72a0c3
79272605903,26878634502,ci-1-core,"core (${{ matrix.os }}, py${{ matrix.python-version }})",completed,cancelled,2026-06-03T10:22:32Z,2026-06-03T10:22:32Z,0,06aeb4a8e2ca6d9c6d8e19f1c9667b0967246dff
79268255544,26875523182,ci-1-core,"core (${{ matrix.os }}, py${{ matrix.python-version }})",completed,skipped,2026-06-03T09:56:44Z,2026-06-03T09:56:43Z,-1,693c7b0a9f7dad691d33f2d8256c94b9c01203e9
79260041378,26874534995,ci-1-core,"core (${{ matrix.os }}, py${{ matrix.python-version }})",completed,cancelled,2026-06-03T09:10:13Z,2026-06-03T09:10:13Z,0,b51a40b96e2a25b28150616a08ae870509e0925e
79258143795,26874506497,ci-1-core,"core (${{ matrix.os }}, py${{ matrix.python-version }})",completed,cancelled,2026-06-03T08:59:14Z,2026-06-03T08:59:14Z,0,95619ed51330d1c7fefdfe0adab6b3954cb00e8c
79267302238,26874323508,ci-1-core,"core (${{ matrix.os }}, py${{ matrix.python-version }})",completed,cancelled,2026-06-03T09:51:20Z,2026-06-03T09:51:20Z,0,a8091b82995f204a025e5a728d9b939b9d5cde7c
79258084574,26873660447,ci-1-core,"core (${{ matrix.os }}, py${{ matrix.python-version }})",completed,cancelled,2026-06-03T08:58:53Z,2026-06-03T08:58:53Z,0,b1429117435f2e0a3e31680baee528ffa2014acd
79260415151,26873586546,ci-1-core,"core (${{ matrix.os }}, py${{ matrix.python-version }})",completed,skipped,2026-06-03T09:12:22Z,2026-06-03T09:12:22Z,0,1733ce1d2e63965dbef357ccd575aa1e34195875
79460239954,26934250228,ci-1-core,"core (${{ matrix.os }}, py${{ matrix.python-version }})",completed,cancelled,2026-06-04T06:09:55Z,2026-06-04T06:09:54Z,-1,ab22ba5e61655e34335eb620d3f68f704d781f1f
79384146588,26908890296,ci-1-core,"core (${{ matrix.os }}, py${{ matrix.python-version }})",completed,skipped,2026-06-03T20:02:18Z,2026-06-03T20:02:18Z,0,df05d87bc5d10fe705bcf70a962d57ba00925c70
79381276354,26908834141,ci-1-core,"core (${{ matrix.os }}, py${{ matrix.python-version }})",completed,cancelled,2026-06-03T19:46:40Z,2026-06-03T19:46:40Z,0,f202a3a39877e562f3e480e5d9561d0d3a1cf5ac
79381033355,26908812504,ci-1-core,"core (${{ matrix.os }}, py${{ matrix.python-version }})",completed,cancelled,2026-06-03T19:45:21Z,2026-06-03T19:45:20Z,-1,effc404e621a660c605d80763dfdf63f655210e0
79381002324,26908792316,ci-1-core,"core (${{ matrix.os }}, py${{ matrix.python-version }})",completed,cancelled,2026-06-03T19:45:11Z,2026-06-03T19:45:11Z,0,5e9d9bda2fc89d1be8fdd20c5b1249e35a470408
79379283084,26906675136,ci-1-core,"core (${{ matrix.os }}, py${{ matrix.python-version }})",completed,skipped,2026-06-03T19:35:40Z,2026-06-03T19:35:40Z,0,2bc556ba4dda08768646c9c27abf61647e17f153
79378781155,26906595730,ci-1-core,"core (${{ matrix.os }}, py${{ matrix.python-version }})",completed,skipped,2026-06-03T19:32:58Z,2026-06-03T19:32:58Z,0,53385d29b1de3ff11edaebf31e751600a4ccd55f
79373038870,26906560223,ci-1-core,"core (${{ matrix.os }}, py${{ matrix.python-version }})",completed,cancelled,2026-06-03T19:01:40Z,2026-06-03T19:01:40Z,0,be3cc8e6ff4219f19a7957d2e5879b49e6dec717
79375981964,26905817755,ci-1-core,"core (${{ matrix.os }}, py${{ matrix.python-version }})",completed,skipped,2026-06-03T19:17:49Z,2026-06-03T19:17:49Z,0,70996677c02b674b6877b0a9a58b1c4d56a79716
79372868145,26905432545,ci-1-core,"core (${{ matrix.os }}, py${{ matrix.python-version }})",completed,skipped,2026-06-03T19:00:47Z,2026-06-03T19:00:47Z,0,7b828d04984fa80469f2efd91657e14497ce5bd9
79370107790,26904736542,ci-1-core,"core (${{ matrix.os }}, py${{ matrix.python-version }})",completed,skipped,2026-06-03T18:46:14Z,2026-06-03T18:46:14Z,0,a2db60de46a6c1e23ceddd2c66bad4ccfcd3876c
79366053615,26904148139,ci-1-core,"core (${{ matrix.os }}, py${{ matrix.python-version }})",completed,cancelled,2026-06-03T18:25:11Z,2026-06-03T18:25:11Z,0,1f9f743a10a3e9b4da480f4fd9d42f18405fbc85
79369015509,26904069410,ci-1-core,"core (${{ matrix.os }}, py${{ matrix.python-version }})",completed,skipped,2026-06-03T18:40:32Z,2026-06-03T18:40:32Z,0,6a06f837cf75d5947a20236b11d6c7ae249d0390
79368706085,26903411982,ci-1-core,"core (${{ matrix.os }}, py${{ matrix.python-version }})",completed,skipped,2026-06-03T18:38:57Z,2026-06-03T18:38:56Z,-1,c355fc42b3f1f8a6f07139ae4e715205ae2970fb
79362404859,26902635364,ci-1-core,"core (${{ matrix.os }}, py${{ matrix.python-version }})",completed,skipped,2026-06-03T18:05:57Z,2026-06-03T18:05:57Z,0,87afa8c36500e6bc83938ace2120f489cf191c72
79355699995,26901190489,ci-1-core,"core (${{ matrix.os }}, py${{ matrix.python-version }})",completed,cancelled,2026-06-03T17:30:41Z,2026-06-03T17:30:40Z,-1,a5fb181e0d3c72cba9b8d3ca8d103b14a59da644
79351176401,26897003943,ci-1-core,"core (${{ matrix.os }}, py${{ matrix.python-version }})",completed,skipped,2026-06-03T17:06:21Z,2026-06-03T17:06:21Z,0,57086cdddea79e563230935d4a8248ae7759df4d
79331605925,26895026216,ci-1-core,"core (${{ matrix.os }}, py${{ matrix.python-version }})",completed,cancelled,2026-06-03T15:28:49Z,2026-06-03T15:28:49Z,0,8c0116fe777bf2e69ea9911c5dacd6b7b05e48c0
79340622558,26894959761,ci-1-core,"core (${{ matrix.os }}, py${{ matrix.python-version }})",completed,skipped,2026-06-03T16:11:51Z,2026-06-03T16:11:51Z,0,19d35987ef9c4b62347efa7996fcf2a683d7c987
79328105297,26890976512,ci-1-core,"core (${{ matrix.os }}, py${{ matrix.python-version }})",completed,skipped,2026-06-03T15:12:34Z,2026-06-03T15:12:34Z,0,b5fd858c5f410e19af82612b7d384926f51d2efb
79574893410,26966972588,ci-1-core,"core (${{ matrix.os }}, py${{ matrix.python-version }})",completed,skipped,2026-06-04T17:18:40Z,2026-06-04T17:18:39Z,-1,628e0d195f4a66066f24d9241e85948534044971
79574486730,26966300488,ci-1-core,"core (${{ matrix.os }}, py${{ matrix.python-version }})",completed,cancelled,2026-06-04T17:16:25Z,2026-06-04T17:16:25Z,0,6b3cf8a8f1e9ab931dc512bf896d3d25ff4e3c44
79572020515,26965876125,ci-1-core,"core (${{ matrix.os }}, py${{ matrix.python-version }})",completed,skipped,2026-06-04T17:03:17Z,2026-06-04T17:03:16Z,-1,14d5258a5a77e182546ec4772a9d756e8cb87efa
79571961521,26965258258,ci-1-core,"core (${{ matrix.os }}, py${{ matrix.python-version }})",completed,skipped,2026-06-04T17:02:59Z,2026-06-04T17:02:58Z,-1,ac1df02788eef11dd9b40936914aa8e6abba223a
79559876418,26963472650,ci-1-core,"core (${{ matrix.os }}, py${{ matrix.python-version }})",completed,cancelled,2026-06-04T15:59:08Z,2026-06-04T15:59:08Z,0,727608bd35aea784da61d517830ebcf8c42b4a74
79553692477,26960618672,ci-1-core,"core (${{ matrix.os }}, py${{ matrix.python-version }})",completed,skipped,2026-06-04T15:28:32Z,2026-06-04T15:28:32Z,0,a1feb919773f7b81964ccabb7c5a763706e7a87b
79550565518,26959717915,ci-1-core,"core (${{ matrix.os }}, py${{ matrix.python-version }})",completed,skipped,2026-06-04T15:13:33Z,2026-06-04T15:13:32Z,-1,0ce7dc37a0ea032d4c9d8aa12ed5e416eac776cf
79545306337,26958976757,ci-1-core,"core (${{ matrix.os }}, py${{ matrix.python-version }})",completed,cancelled,2026-06-04T14:48:52Z,2026-06-04T14:48:51Z,-1,747fcc6e97f61c56258d5f2dcce788877674a44f
79546593412,26958843023,ci-1-core,"core (${{ matrix.os }}, py${{ matrix.python-version }})",completed,skipped,2026-06-04T14:55:02Z,2026-06-04T14:55:02Z,0,13404d4bd014de15ffa3c1ee34a01888626aa7dc
79547745805,26958677906,ci-1-core,"core (${{ matrix.os }}, py${{ matrix.python-version }})",completed,skipped,2026-06-04T15:00:32Z,2026-06-04T15:00:31Z,-1,efb3920edb89ea8f652fe9ddd41628d01a9cffa4
79538351137,26957391104,ci-1-core,"core (${{ matrix.os }}, py${{ matrix.python-version }})",completed,cancelled,2026-06-04T14:15:17Z,2026-06-04T14:15:16Z,-1,10a69fefc1f9801ede932b18850708ba24470c20
79541596881,26955038193,ci-1-core,"core (${{ matrix.os }}, py${{ matrix.python-version }})",completed,skipped,2026-06-04T14:30:51Z,2026-06-04T14:30:50Z,-1,a44ce37c36f346375084199125341031458fd7c5
79529787057,26954473660,ci-1-core,"core (${{ matrix.os }}, py${{ matrix.python-version }})",completed,cancelled,2026-06-04T13:32:34Z,2026-06-04T13:32:33Z,-1,21c395a7c889548018d328a970c5f648fcdff0b7
79518657410,26951773405,ci-1-core,"core (${{ matrix.os }}, py${{ matrix.python-version }})",completed,cancelled,2026-06-04T12:30:33Z,2026-06-04T12:30:33Z,0,14cfeca6f2ef5c6ed0584a8ab79a830eb2486097
79520964157,26951741158,ci-1-core,"core (${{ matrix.os }}, py${{ matrix.python-version }})",completed,skipped,2026-06-04T12:44:14Z,2026-06-04T12:44:14Z,0,1c7b9b790ac0a46e10b7da2ce128388ede709071
79516443859,26950384625,ci-1-core,"core (${{ matrix.os }}, py${{ matrix.python-version }})",completed,skipped,2026-06-04T12:16:53Z,2026-06-04T12:16:53Z,0,caa34e21ce014f304520ed0abe27430a468982a6
79505453047,26947371094,ci-1-core,"core (${{ matrix.os }}, py${{ matrix.python-version }})",completed,cancelled,2026-06-04T11:06:43Z,2026-06-04T11:06:43Z,0,56c01ab73b8ceb9443dc3ec9d89306a411c8ad7b
79500317074,26946363725,ci-1-core,"core (${{ matrix.os }}, py${{ matrix.python-version }})",completed,cancelled,2026-06-04T10:33:12Z,2026-06-04T10:33:12Z,0,9e322b516579e51b709c7a0cb33003c5af1a5514
79500674642,26945390501,ci-1-core,"core (${{ matrix.os }}, py${{ matrix.python-version }})",completed,skipped,2026-06-04T10:35:32Z,2026-06-04T10:35:32Z,0,373f2f4674bd562e9e2b1a3fd07de7abfa76e086
79495312946,26944878505,ci-1-core,"core (${{ matrix.os }}, py${{ matrix.python-version }})",completed,cancelled,2026-06-04T10:02:00Z,2026-06-04T10:02:00Z,0,af8e3cd8c197b1971989300e7041b16bd53edc6d
79495245674,26944854799,ci-1-core,"core (${{ matrix.os }}, py${{ matrix.python-version }})",completed,cancelled,2026-06-04T10:01:36Z,2026-06-04T10:01:36Z,0,1662054b226a63b9bb6b92ab4ae2d97cd533b497
79497129588,26944215010,ci-1-core,"core (${{ matrix.os }}, py${{ matrix.python-version }})",completed,cancelled,2026-06-04T10:13:02Z,2026-06-04T10:13:02Z,0,9b8c8cfd85325f3c9c7763967a6d80ea023c4ef9
79494532906,26943169358,ci-1-core,"core (${{ matrix.os }}, py${{ matrix.python-version }})",completed,skipped,2026-06-04T09:57:22Z,2026-06-04T09:57:22Z,0,4157a38c3eec935b080981ff3704b3e22ab044c7
79483361843,26941330634,ci-1-core,"core (${{ matrix.os }}, py${{ matrix.python-version }})",completed,cancelled,2026-06-04T08:50:06Z,2026-06-04T08:50:06Z,0,16b09ba737d211024ea3c487d67bc6ebce2b3edd
79483337335,26940367528,ci-1-core,"core (${{ matrix.os }}, py${{ matrix.python-version }})",completed,cancelled,2026-06-04T08:49:57Z,2026-06-04T08:49:56Z,-1,028ece4effb104f9eb4e9bf6dbeebe6a9cd2f1b1
79480087656,26940357136,ci-1-core,"core (${{ matrix.os }}, py${{ matrix.python-version }})",completed,cancelled,2026-06-04T08:30:22Z,2026-06-04T08:30:21Z,-1,423291a8e015ee1204bfad51a2d5441a07a00fda
79480053772,26940342928,ci-1-core,"core (${{ matrix.os }}, py${{ matrix.python-version }})",completed,cancelled,2026-06-04T08:30:10Z,2026-06-04T08:30:10Z,0,d21cfb786fd8d68ef466619d7f3727e2c40f9760
79478652870,26938998983,ci-1-core,"core (${{ matrix.os }}, py${{ matrix.python-version }})",completed,skipped,2026-06-04T08:21:29Z,2026-06-04T08:21:29Z,0,330d3d14eab777b877697859a10feab783cdd30c
79474620675,26938053803,ci-1-core,"core (${{ matrix.os }}, py${{ matrix.python-version }})",completed,cancelled,2026-06-04T07:56:02Z,2026-06-04T07:56:02Z,0,981314a2e14fd91aa4d6ff2e03215ab37d5afb93
79468449918,26936616949,ci-1-core,"core (${{ matrix.os }}, py${{ matrix.python-version }})",completed,cancelled,2026-06-04T07:13:50Z,2026-06-04T07:13:50Z,0,3e4151cf0c53151441b35a6343534784df63c7cd
79467824947,26936034201,ci-1-core,"core (${{ matrix.os }}, py${{ matrix.python-version }})",completed,cancelled,2026-06-04T07:09:18Z,2026-06-04T07:09:18Z,0,bc3d3e1750e501c700d90fed33305bf10e039582
79465922896,26935700529,ci-1-core,"core (${{ matrix.os }}, py${{ matrix.python-version }})",completed,cancelled,2026-06-04T06:55:34Z,2026-06-04T06:55:34Z,0,ac0bbda26e0ba6cdf5f5adce713bcce283a6d3db
79464909750,26935064388,ci-1-core,"core (${{ matrix.os }}, py${{ matrix.python-version }})",completed,skipped,2026-06-04T06:47:51Z,2026-06-04T06:47:50Z,-1,67fd0ee240692174b769ef6fd101529d5300d5dc
79685259918,27001347203,ci-1-core,"core (${{ matrix.os }}, py${{ matrix.python-version }})",completed,cancelled,2026-06-05T07:41:39Z,2026-06-05T07:41:39Z,0,cb7675599d71426d7f6e385a417d6bbb6891b21e
79682416482,27000773342,ci-1-core,"core (${{ matrix.os }}, py${{ matrix.python-version }})",completed,skipped,2026-06-05T07:20:37Z,2026-06-05T07:20:36Z,-1,ec5b9b1c066c953faf746d9bc918ee546c104fc8
79684720455,26998326424,ci-1-core,"core (${{ matrix.os }}, py${{ matrix.python-version }})",completed,skipped,2026-06-05T07:37:43Z,2026-06-05T07:37:43Z,0,340f91743837b00790165ffde117054d11c2e939
79673290449,26997854554,ci-1-core,"core (${{ matrix.os }}, py${{ matrix.python-version }})",completed,skipped,2026-06-05T06:04:24Z,2026-06-05T06:04:24Z,0,6a5fffa5c447bea165c8881265b326def8098cfd
79674031716,26997803813,ci-1-core,"core (${{ matrix.os }}, py${{ matrix.python-version }})",completed,skipped,2026-06-05T06:11:11Z,2026-06-05T06:11:10Z,-1,8f97243bfd8a991e8be52b51b63da45666cde174
79667932729,26996378487,ci-1-core,"core (${{ matrix.os }}, py${{ matrix.python-version }})",completed,skipped,2026-06-05T05:11:02Z,2026-06-05T05:11:02Z,0,87cca982466acf519906e4ca6859264ac8d3ba50
79668965768,26996157939,ci-1-core,"core (${{ matrix.os }}, py${{ matrix.python-version }})",completed,skipped,2026-06-05T05:22:06Z,2026-06-05T05:22:06Z,0,efe389d28c51d0146bdc6fcc2c0c5e7779a7abf3
79665356238,26995730367,ci-1-core,"core (${{ matrix.os }}, py${{ matrix.python-version }})",completed,cancelled,2026-06-05T04:43:30Z,2026-06-05T04:43:30Z,0,b0c839e38c0af6dbbf7f111f0abb00c3ee08847b
79667629607,26982047893,ci-1-core,"core (${{ matrix.os }}, py${{ matrix.python-version }})",completed,skipped,2026-06-05T05:07:41Z,2026-06-05T05:07:41Z,0,f009289805a01b88be990d1b2386d88a17cc7283
79666611228,26980200384,ci-1-core,"core (${{ matrix.os }}, py${{ matrix.python-version }})",completed,skipped,2026-06-05T04:57:14Z,2026-06-05T04:57:14Z,0,27c96c8ce0dc29cec9b1553721e04979e5ec5207
79619048623,26979988625,ci-1-core,"core (${{ matrix.os }}, py${{ matrix.python-version }})",completed,skipped,2026-06-04T21:29:27Z,2026-06-04T21:29:27Z,0,17ccd2b1c6af118c8c9437dd265eaf030c01aa41
79619391799,26979855837,ci-1-core,"core (${{ matrix.os }}, py${{ matrix.python-version }})",completed,skipped,2026-06-04T21:31:38Z,2026-06-04T21:31:37Z,-1,e9dc97aa96a2c6125ad1788449e2846c3884d32d
79617361780,26979469235,ci-1-core,"core (${{ matrix.os }}, py${{ matrix.python-version }})",completed,skipped,2026-06-04T21:19:00Z,2026-06-04T21:18:59Z,-1,0f2a8fe8359d44a2d9506b03bfb3c1706fe08070
79617309024,26979449141,ci-1-core,"core (${{ matrix.os }}, py${{ matrix.python-version }})",completed,skipped,2026-06-04T21:18:40Z,2026-06-04T21:18:39Z,-1,658c77cc2a76d27b7a786499fea31ee915f06837
79614144690,26978539667,ci-1-core,"core (${{ matrix.os }}, py${{ matrix.python-version }})",completed,skipped,2026-06-04T21:00:13Z,2026-06-04T21:00:13Z,0,d5cdc3e8eaf00c57978b7c2a0ee3047fcee71bfc
79608818531,26976935900,ci-1-core,"core (${{ matrix.os }}, py${{ matrix.python-version }})",completed,skipped,2026-06-04T20:29:39Z,2026-06-04T20:29:39Z,0,41626c5660ded46946f1e9ca0dc7a5669c065faf
79610177328,26975037935,ci-1-core,"core (${{ matrix.os }}, py${{ matrix.python-version }})",completed,skipped,2026-06-04T20:37:34Z,2026-06-04T20:37:34Z,0,59c6e6b02432de7a11bb4865cd3ca6c35301538b
79595365705,26973697823,ci-1-core,"core (${{ matrix.os }}, py${{ matrix.python-version }})",completed,cancelled,2026-06-04T19:13:00Z,2026-06-04T19:13:00Z,0,dd23513f28b0a5c1d37e600fb434c16db779a689
79666423644,26973444996,ci-1-core,"core (${{ matrix.os }}, py${{ matrix.python-version }})",completed,skipped,2026-06-05T04:55:09Z,2026-06-05T04:55:08Z,-1,bad54ec957c603f5b043e7b186baadf643bb4836
79583326424,26969468873,ci-1-core,"core (${{ matrix.os }}, py${{ matrix.python-version }})",completed,cancelled,2026-06-04T18:05:16Z,2026-06-04T18:05:16Z,0,6e83b0e398ebb4a35ad353cfa25aa15932bca626
79579324543,26968271631,ci-1-core,"core (${{ matrix.os }}, py${{ matrix.python-version }})",completed,skipped,2026-06-04T17:43:06Z,2026-06-04T17:43:05Z,-1,01bcbfa8e86e717c43a8582471b0aaf05d97e0a0
79863690018,27056936366,ci-1-core,"core (${{ matrix.os }}, py${{ matrix.python-version }})",completed,cancelled,2026-06-06T08:17:06Z,2026-06-06T08:17:06Z,0,849c7ddeed394f28997692fc1ea894e223876168
79860941694,27055922402,ci-1-core,"core (${{ matrix.os }}, py${{ matrix.python-version }})",completed,skipped,2026-06-06T07:27:00Z,2026-06-06T07:27:00Z,0,8a767539489b078e1f23a8cc834f78dbfa43511c
79859239436,27055314835,ci-1-core,"core (${{ matrix.os }}, py${{ matrix.python-version }})",completed,skipped,2026-06-06T06:57:57Z,2026-06-06T06:57:57Z,0,90ddf8d2f89ee6b14c5c8462ec59b57c1c6295dd
79858504315,27055269706,ci-1-core,"core (${{ matrix.os }}, py${{ matrix.python-version }})",completed,cancelled,2026-06-06T06:44:13Z,2026-06-06T06:44:13Z,0,1dc76203add3cdde1b746bca44e30821f13226f4
79858381334,27055264790,ci-1-core,"core (${{ matrix.os }}, py${{ matrix.python-version }})",completed,cancelled,2026-06-06T06:42:01Z,2026-06-06T06:42:01Z,0,f9506278c6e85e53654a6085cd724b6cd4918d67
79857667331,27054801446,ci-1-core,"core (${{ matrix.os }}, py${{ matrix.python-version }})",completed,skipped,2026-06-06T06:29:36Z,2026-06-06T06:29:35Z,-1,f9e8c580460eba5a9e073d28823caf75b1f9f483
79857048588,27054791463,ci-1-core,"core (${{ matrix.os }}, py${{ matrix.python-version }})",completed,cancelled,2026-06-06T06:18:42Z,2026-06-06T06:18:41Z,-1,de500a446b829c678ca5cbfa4dc2688de3a70bd9
79857021458,27054758282,ci-1-core,"core (${{ matrix.os }}, py${{ matrix.python-version }})",completed,cancelled,2026-06-06T06:18:12Z,2026-06-06T06:18:11Z,-1,7a2a40bb7d8df1337636e57286cbf1796d8918b7
79856927236,27054678359,ci-1-core,"core (${{ matrix.os }}, py${{ matrix.python-version }})",completed,cancelled,2026-06-06T06:16:37Z,2026-06-06T06:16:37Z,0,7b7d8577107f70ae80bd961ce86c7a1c4944efce
79855761010,27054356915,ci-1-core,"core (${{ matrix.os }}, py${{ matrix.python-version }})",completed,skipped,2026-06-06T05:57:44Z,2026-06-06T05:57:43Z,-1,21163e504a7a8c7b900da8308eed88d24d5a834c
79855734941,27054281156,ci-1-core,"core (${{ matrix.os }}, py${{ matrix.python-version }})",completed,cancelled,2026-06-06T05:57:17Z,2026-06-06T05:57:17Z,0,f1a3ff99bfb441cbd93c09730ba0d84da6783f6a
79854775743,27053776262,ci-1-core,"core (${{ matrix.os }}, py${{ matrix.python-version }})",completed,skipped,2026-06-06T05:41:22Z,2026-06-06T05:41:22Z,0,dd115457d733d19b57994d7cde07952a684e31a3
79854732010,27053743791,ci-1-core,"core (${{ matrix.os }}, py${{ matrix.python-version }})",completed,skipped,2026-06-06T05:40:33Z,2026-06-06T05:40:32Z,-1,6223dcb8756b333fb0fa2daf7d418ace0934b523
79853974470,27053677358,ci-1-core,"core (${{ matrix.os }}, py${{ matrix.python-version }})",completed,cancelled,2026-06-06T05:26:37Z,2026-06-06T05:26:37Z,0,365c3c705c7bb7670ce1df1bca78efc55480f259
79811409041,27039368703,ci-1-core,"core (${{ matrix.os }}, py${{ matrix.python-version }})",completed,cancelled,2026-06-05T20:49:58Z,2026-06-05T20:49:58Z,0,b9bc3f8a0a3c0d878345d1fba48367b369c8ec27
79811350004,27039351282,ci-1-core,"core (${{ matrix.os }}, py${{ matrix.python-version }})",completed,cancelled,2026-06-05T20:49:34Z,2026-06-05T20:49:34Z,0,0025721a9bb33c7fa8cf46279e040dcfabb7c9eb
79811257831,27039334673,ci-1-core,"core (${{ matrix.os }}, py${{ matrix.python-version }})",completed,cancelled,2026-06-05T20:48:57Z,2026-06-05T20:48:57Z,0,ad9278d8e8495e019a5207930b97883742fe8f26
79811240026,27039309800,ci-1-core,"core (${{ matrix.os }}, py${{ matrix.python-version }})",completed,cancelled,2026-06-05T20:48:50Z,2026-06-05T20:48:49Z,-1,d89ee9ac37fafbd64eb2c5e2ce022d759c262a7d
79811129302,27039292955,ci-1-core,"core (${{ matrix.os }}, py${{ matrix.python-version }})",completed,cancelled,2026-06-05T20:48:05Z,2026-06-05T20:48:04Z,-1,a8d671bbc4150156bcf6901b0aadf344c7ef92f7
79811099531,27039276203,ci-1-core,"core (${{ matrix.os }}, py${{ matrix.python-version }})",completed,cancelled,2026-06-05T20:47:53Z,2026-06-05T20:47:53Z,0,e9c54c6b2fe23d0879ad5fa22c4bd785c646dd99
79813498568,27037487226,ci-1-core,"core (${{ matrix.os }}, py${{ matrix.python-version }})",completed,skipped,2026-06-05T21:04:04Z,2026-06-05T21:04:04Z,0,1f2e0dff8eefd7c5ac66ca9c351f322f8225b5fb
79799766045,27035829309,ci-1-core,"core (${{ matrix.os }}, py${{ matrix.python-version }})",completed,cancelled,2026-06-05T19:33:52Z,2026-06-05T19:33:52Z,0,8e335665414cad515e06d224ddda172c90a3998e
79801845639,27031442640,ci-1-core,"core (${{ matrix.os }}, py${{ matrix.python-version }})",completed,skipped,2026-06-05T19:47:27Z,2026-06-05T19:47:27Z,0,6c76b063c9d530a24e582c084ba39e85b9d04005
79782708964,27030875712,ci-1-core,"core (${{ matrix.os }}, py${{ matrix.python-version }})",completed,cancelled,2026-06-05T17:48:43Z,2026-06-05T17:48:42Z,-1,952e90fe37d0208203a47106cdd89b0c537e50e3
79784108534,27030564964,ci-1-core,"core (${{ matrix.os }}, py${{ matrix.python-version }})",completed,skipped,2026-06-05T17:57:23Z,2026-06-05T17:57:23Z,0,d1a119a3f9474dc86571d2af33191111d0387f1c
79775407355,27027993518,ci-1-core,"core (${{ matrix.os }}, py${{ matrix.python-version }})",completed,skipped,2026-06-05T17:04:10Z,2026-06-05T17:04:09Z,-1,21c322a526f18d5d9a4c4e72e632a45688a78f75
79771908574,27027727637,ci-1-core,"core (${{ matrix.os }}, py${{ matrix.python-version }})",completed,cancelled,2026-06-05T16:43:48Z,2026-06-05T16:43:48Z,0,de402b19c919a27599e0e174228e980c9942de48
79774151525,27027710813,ci-1-core,"core (${{ matrix.os }}, py${{ matrix.python-version }})",completed,skipped,2026-06-05T16:57:04Z,2026-06-05T16:57:03Z,-1,9e941f94f8805cecf58a69bc926cfc555a702a7e
79771865665,27027605151,ci-1-core,"core (${{ matrix.os }}, py${{ matrix.python-version }})",completed,cancelled,2026-06-05T16:43:33Z,2026-06-05T16:43:32Z,-1,43625502ab9da6451866f96b61c908d214081f29
79768887818,27024132017,ci-1-core,"core (${{ matrix.os }}, py${{ matrix.python-version }})",completed,skipped,2026-06-05T16:25:26Z,2026-06-05T16:25:26Z,0,fb15d912a96bf41ce2d02f49421395b1be5d1a3f
79752732373,27021397253,ci-1-core,"core (${{ matrix.os }}, py${{ matrix.python-version }})",completed,skipped,2026-06-05T14:54:18Z,2026-06-05T14:54:18Z,0,411a0b1f9aa048757b67da7b333c75216a53d01f
79750029722,27021291085,ci-1-core,"core (${{ matrix.os }}, py${{ matrix.python-version }})",completed,cancelled,2026-06-05T14:39:53Z,2026-06-05T14:39:53Z,0,7aade708c9e1fb39a088fb2041b30bc74dffd835
79749563774,27020424328,ci-1-core,"core (${{ matrix.os }}, py${{ matrix.python-version }})",completed,skipped,2026-06-05T14:37:21Z,2026-06-05T14:37:20Z,-1,191c186249a09afbcbcf1fa95bad03d1edc5b83d
79746565152,27020403877,ci-1-core,"core (${{ matrix.os }}, py${{ matrix.python-version }})",completed,cancelled,2026-06-05T14:21:17Z,2026-06-05T14:21:16Z,-1,af23bf9685db6d17af5102573f587ac506905be5
79749077453,27018977771,ci-1-core,"core (${{ matrix.os }}, py${{ matrix.python-version }})",completed,skipped,2026-06-05T14:34:44Z,2026-06-05T14:34:44Z,0,7ab14dc16914c140dcbf727d5987a981693c0bd0
79738636005,27018157359,ci-1-core,"core (${{ matrix.os }}, py${{ matrix.python-version }})",completed,cancelled,2026-06-05T13:37:56Z,2026-06-05T13:37:56Z,0,a3c302d68bc3748b34f06843fc6a498ae43ec2a3
79738585567,27018149767,ci-1-core,"core (${{ matrix.os }}, py${{ matrix.python-version }})",completed,cancelled,2026-06-05T13:37:39Z,2026-06-05T13:37:38Z,-1,243cb4f37be3ace93ba0acf0706227eff13399f9
79738556928,27018133966,ci-1-core,"core (${{ matrix.os }}, py${{ matrix.python-version }})",completed,cancelled,2026-06-05T13:37:28Z,2026-06-05T13:37:28Z,0,f9fd025847f1a61a3401223bc83cc5c3c981f78f
79738504336,27018121160,ci-1-core,"core (${{ matrix.os }}, py${{ matrix.python-version }})",completed,cancelled,2026-06-05T13:37:10Z,2026-06-05T13:37:09Z,-1,7351116bfc4a01cdffa3c4ff0e80f63ca2a0534a
79741234601,27017498190,ci-1-core,"core (${{ matrix.os }}, py${{ matrix.python-version }})",completed,skipped,2026-06-05T13:52:22Z,2026-06-05T13:52:22Z,0,aafbe5cb4ef55dbe401c745d83e359c73c7df02d
79734092013,27015709698,ci-1-core,"core (${{ matrix.os }}, py${{ matrix.python-version }})",completed,skipped,2026-06-05T13:11:48Z,2026-06-05T13:11:48Z,0,92bd84079268b1ce77aee68d562c6610f18d0356
79738033969,27014992325,ci-1-core,"core (${{ matrix.os }}, py${{ matrix.python-version }})",completed,skipped,2026-06-05T13:34:31Z,2026-06-05T13:34:31Z,0,c6b6298a941da624a3c518edb4305f50d05be269
79737398954,27014979565,ci-1-core,"core (${{ matrix.os }}, py${{ matrix.python-version }})",completed,skipped,2026-06-05T13:30:54Z,2026-06-05T13:30:54Z,0,a4886e38c0733e1bbe25b08fbada96013c9bbaa4
79739598654,27014821844,ci-1-core,"core (${{ matrix.os }}, py${{ matrix.python-version }})",completed,skipped,2026-06-05T13:43:21Z,2026-06-05T13:43:20Z,-1,62cb2baa29a6a9537dc6f291b81576e29e18dd10
79726141739,27014109084,ci-1-core,"core (${{ matrix.os }}, py${{ matrix.python-version }})",completed,cancelled,2026-06-05T12:21:53Z,2026-06-05T12:21:52Z,-1,70004c53c653196cff5de5b7ed064ac815880365
79721944911,27013266425,ci-1-core,"core (${{ matrix.os }}, py${{ matrix.python-version }})",completed,cancelled,2026-06-05T11:53:40Z,2026-06-05T11:53:40Z,0,1d830e9674571207d5f0b495a740e26faddbbdb0
79720408207,27012238277,ci-1-core,"core (${{ matrix.os }}, py${{ matrix.python-version }})",completed,skipped,2026-06-05T11:42:50Z,2026-06-05T11:42:49Z,-1,083cae23a038a40649fe5e73013ed458c24b10a6
79718496579,27010612466,ci-1-core,"core (${{ matrix.os }}, py${{ matrix.python-version }})",completed,skipped,2026-06-05T11:29:35Z,2026-06-05T11:29:35Z,0,4328f972a34880bc8a43d83b0b8fba3703843647
79712339084,27010402596,ci-1-core,"core (${{ matrix.os }}, py${{ matrix.python-version }})",completed,cancelled,2026-06-05T10:45:47Z,2026-06-05T10:45:47Z,0,2ee9cc01a94e224ccc64d0a44cf259e549b3702c
79703950527,27007862016,ci-1-core,"core (${{ matrix.os }}, py${{ matrix.python-version }})",completed,cancelled,2026-06-05T09:48:00Z,2026-06-05T09:48:00Z,0,b0deab66deef2d9d6f764d7a8946a51dc21a7a5e
79707092565,27007465028,ci-1-core,"core (${{ matrix.os }}, py${{ matrix.python-version }})",completed,skipped,2026-06-05T10:08:53Z,2026-06-05T10:08:53Z,0,528f7532249455e4160289603ad6505f41030909
79705998453,27006800844,ci-1-core,"core (${{ matrix.os }}, py${{ matrix.python-version }})",completed,skipped,2026-06-05T10:01:41Z,2026-06-05T10:01:41Z,0,a7d53ad52f2657f26279e94bb67959bd63440349
79694034520,27004909072,ci-1-core,"core (${{ matrix.os }}, py${{ matrix.python-version }})",completed,cancelled,2026-06-05T08:42:09Z,2026-06-05T08:42:09Z,0,8ecbac8789583d82c9f61a713f34e2d79054ea6e
79694008331,27004894579,ci-1-core,"core (${{ matrix.os }}, py${{ matrix.python-version }})",completed,cancelled,2026-06-05T08:41:58Z,2026-06-05T08:41:58Z,0,7c029d6a606d9f2d5d5e4e67fd0e951e8ad00591
79693959930,27004881375,ci-1-core,"core (${{ matrix.os }}, py${{ matrix.python-version }})",completed,cancelled,2026-06-05T08:41:39Z,2026-06-05T08:41:38Z,-1,4c0c30cd95811206009a5d3d38b4f79e2bd2fd4f
79693915896,27004875402,ci-1-core,"core (${{ matrix.os }}, py${{ matrix.python-version }})",completed,cancelled,2026-06-05T08:41:20Z,2026-06-05T08:41:20Z,0,745dd549e8469d0101f29f9bd8603a3dd59ff56a
79693912672,27003747097,ci-1-core,"core (${{ matrix.os }}, py${{ matrix.python-version }})",completed,cancelled,2026-06-05T08:41:19Z,2026-06-05T08:41:19Z,0,d813b4cde1f45f99e6ec0d1ecf8861fc945639f5
79690110920,27003695797,ci-1-core,"core (${{ matrix.os }}, py${{ matrix.python-version }})",completed,cancelled,2026-06-05T08:15:37Z,2026-06-05T08:15:37Z,0,a2835457303f21f04e2b56a656cab6e9e55f85d4
79689940327,27003688475,ci-1-core,"core (${{ matrix.os }}, py${{ matrix.python-version }})",completed,cancelled,2026-06-05T08:14:27Z,2026-06-05T08:14:26Z,-1,b50fa7a603b0fef3e27a77ea19305b43fba3c754
79941788549,27086100068,ci-1-core,"core (${{ matrix.os }}, py${{ matrix.python-version }})",completed,skipped,2026-06-07T07:44:20Z,2026-06-07T07:44:19Z,-1,ba16a388521961aee04752e763f8109e82b8f75f
79942055087,27085288467,ci-1-core,"core (${{ matrix.os }}, py${{ matrix.python-version }})",completed,skipped,2026-06-07T07:49:06Z,2026-06-07T07:49:06Z,0,0a25e9ed7df97a710c315c9f079eb379a9884a02
79907858275,27073617106,ci-1-core,"core (${{ matrix.os }}, py${{ matrix.python-version }})",completed,skipped,2026-06-06T21:07:15Z,2026-06-06T21:07:15Z,0,58822dc3150d14a12ad5c1d92d9e9ab2c452f123
79907076082,27073338365,ci-1-core,"core (${{ matrix.os }}, py${{ matrix.python-version }})",completed,cancelled,2026-06-06T20:53:47Z,2026-06-06T20:53:47Z,0,cab6673adfcf64fcc193b7ce198d4502163a35cf
79906334650,27073326384,ci-1-core,"core (${{ matrix.os }}, py${{ matrix.python-version }})",completed,cancelled,2026-06-06T20:41:23Z,2026-06-06T20:41:23Z,0,53ee72dd3e5dc23442de61b9fa4a83b2a45b5a9d
79906304315,27073315283,ci-1-core,"core (${{ matrix.os }}, py${{ matrix.python-version }})",completed,cancelled,2026-06-06T20:40:55Z,2026-06-06T20:40:55Z,0,6524b9fb3dc3071e2ee435fac041d1e9e9315fff
79906289081,27073291275,ci-1-core,"core (${{ matrix.os }}, py${{ matrix.python-version }})",completed,cancelled,2026-06-06T20:40:39Z,2026-06-06T20:40:39Z,0,249962eeccc150d804e690eb33346e03f6e532ca
79906212958,27072976869,ci-1-core,"core (${{ matrix.os }}, py${{ matrix.python-version }})",completed,cancelled,2026-06-06T20:39:24Z,2026-06-06T20:39:24Z,0,7235b2dc921bf25241ae287933526dbbacc66a37
79906584060,27072692247,ci-1-core,"core (${{ matrix.os }}, py${{ matrix.python-version }})",completed,skipped,2026-06-06T20:45:27Z,2026-06-06T20:45:27Z,0,486446db84b067c0555a46a5a268515fe596c244
79905316267,27070443864,ci-1-core,"core (${{ matrix.os }}, py${{ matrix.python-version }})",completed,skipped,2026-06-06T20:24:38Z,2026-06-06T20:24:38Z,0,46c64f864ba6d8f044592f0b38dff2e98deebe90
79896003165,27069371795,ci-1-core,"core (${{ matrix.os }}, py${{ matrix.python-version }})",completed,cancelled,2026-06-06T17:47:13Z,2026-06-06T17:47:13Z,0,bdd60d2a89860732c318c8bfb510c1f3965d632e
79895769413,27069336435,ci-1-core,"core (${{ matrix.os }}, py${{ matrix.python-version }})",completed,cancelled,2026-06-06T17:43:12Z,2026-06-06T17:43:12Z,0,6f5b787f023801bd1469e74545d054d4b03cfcf9
79895678112,27069285296,ci-1-core,"core (${{ matrix.os }}, py${{ matrix.python-version }})",completed,cancelled,2026-06-06T17:41:37Z,2026-06-06T17:41:37Z,0,2266d6f273833744d34eecb8e79e0937c529259e
79895541840,27069187581,ci-1-core,"core (${{ matrix.os }}, py${{ matrix.python-version }})",completed,cancelled,2026-06-06T17:39:19Z,2026-06-06T17:39:19Z,0,6059765dc5cca9457715cc0f03f9cf3c1693913a
79894990160,27069070765,ci-1-core,"core (${{ matrix.os }}, py${{ matrix.python-version }})",completed,skipped,2026-06-06T17:30:01Z,2026-06-06T17:30:01Z,0,a454a1c0fea6f04582470ea33dcb2c30e00b89a1
79894900882,27069043575,ci-1-core,"core (${{ matrix.os }}, py${{ matrix.python-version }})",completed,skipped,2026-06-06T17:28:33Z,2026-06-06T17:28:33Z,0,973ac78ea889ee7a7b11317b6a38f3f8825847b3
79894466573,27068876629,ci-1-core,"core (${{ matrix.os }}, py${{ matrix.python-version }})",completed,skipped,2026-06-06T17:21:20Z,2026-06-06T17:21:20Z,0,e85d2b68f713eb6241856bd04c8f12f0b4538023
79893309357,27068442435,ci-1-core,"core (${{ matrix.os }}, py${{ matrix.python-version }})",completed,skipped,2026-06-06T17:02:17Z,2026-06-06T17:02:16Z,-1,bbcda02644cd099575e9670b5101a7c51a730217
79892595111,27067723025,ci-1-core,"core (${{ matrix.os }}, py${{ matrix.python-version }})",completed,skipped,2026-06-06T16:50:45Z,2026-06-06T16:50:44Z,-1,4e755366b7734ed75b23f32d5a0640e4cca66bde
79890478109,27067359443,ci-1-core,"core (${{ matrix.os }}, py${{ matrix.python-version }})",completed,skipped,2026-06-06T16:16:06Z,2026-06-06T16:16:06Z,0,458cd39591bd6c54903984b8fcd5897080d64358
79890452539,27067194199,ci-1-core,"core (${{ matrix.os }}, py${{ matrix.python-version }})",completed,cancelled,2026-06-06T16:15:40Z,2026-06-06T16:15:39Z,-1,b084b5d8faa9bdb6b7c7e41f4c5a420103e032a2
79890029960,27066789621,ci-1-core,"core (${{ matrix.os }}, py${{ matrix.python-version }})",completed,cancelled,2026-06-06T16:08:39Z,2026-06-06T16:08:39Z,0,a954927cdc1c246442c6d76dae99840a09b6bc18
79886808115,27065967083,ci-1-core,"core (${{ matrix.os }}, py${{ matrix.python-version }})",completed,skipped,2026-06-06T15:15:29Z,2026-06-06T15:15:29Z,0,bccb4c905c5ec485a32e91161425846ac1492ff4
79886755508,27065948334,ci-1-core,"core (${{ matrix.os }}, py${{ matrix.python-version }})",completed,cancelled,2026-06-06T15:14:36Z,2026-06-06T15:14:36Z,0,50f7ee320cb2c8f98dad420d67ef893a4df51d1e
79886746006,27065941552,ci-1-core,"core (${{ matrix.os }}, py${{ matrix.python-version }})",completed,cancelled,2026-06-06T15:14:27Z,2026-06-06T15:14:26Z,-1,2f1633b51ad328391b84e66d7c3e44b95ec0e7ad
79886632694,27065903090,ci-1-core,"core (${{ matrix.os }}, py${{ matrix.python-version }})",completed,skipped,2026-06-06T15:12:33Z,2026-06-06T15:12:33Z,0,30110a03b3b3fad50f5eb25b15e7f12a3dbd32ef
79886159151,27065371081,ci-1-core,"core (${{ matrix.os }}, py${{ matrix.python-version }})",completed,skipped,2026-06-06T15:04:41Z,2026-06-06T15:04:40Z,-1,7a3499848c194f6e37bd8c0b9a76cf2faedb2e69
79884152041,27064836374,ci-1-core,"core (${{ matrix.os }}, py${{ matrix.python-version }})",completed,cancelled,2026-06-06T14:31:59Z,2026-06-06T14:31:59Z,0,40f0e1c020e4d609b22af4799a133dd0d4b460fe
79883778964,27064683814,ci-1-core,"core (${{ matrix.os }}, py${{ matrix.python-version }})",completed,cancelled,2026-06-06T14:25:43Z,2026-06-06T14:25:42Z,-1,eb2f6191046c44a508ced7040a45f3fffd2e6793
79882958043,27064269979,ci-1-core,"core (${{ matrix.os }}, py${{ matrix.python-version }})",completed,skipped,2026-06-06T14:11:26Z,2026-06-06T14:11:26Z,0,5d076734fa812e83a28ff470dd1982a8bfb864c8
79882270209,27064247710,ci-1-core,"core (${{ matrix.os }}, py${{ matrix.python-version }})",completed,cancelled,2026-06-06T14:00:03Z,2026-06-06T14:00:03Z,0,ba879683290a196b35c0e1b8b2210e73948d443d
79882222009,27064119756,ci-1-core,"core (${{ matrix.os }}, py${{ matrix.python-version }})",completed,cancelled,2026-06-06T13:59:14Z,2026-06-06T13:59:14Z,0,f59680768afbce0c340335ca946dc3c14d0bd4e1
79881874316,27063803931,ci-1-core,"core (${{ matrix.os }}, py${{ matrix.python-version }})",completed,cancelled,2026-06-06T13:53:10Z,2026-06-06T13:53:10Z,0,f5fc7109565d631c1822d8839c76a28f099e8ec1
79881035168,27063767688,ci-1-core,"core (${{ matrix.os }}, py${{ matrix.python-version }})",completed,cancelled,2026-06-06T13:38:29Z,2026-06-06T13:38:29Z,0,4f026a57f963056af203d832d0ec7d4a76999b52
79880934666,27063764420,ci-1-core,"core (${{ matrix.os }}, py${{ matrix.python-version }})",completed,cancelled,2026-06-06T13:36:47Z,2026-06-06T13:36:47Z,0,14e7c1094470eb21452d0b14204caf33aebeef8f
79880924884,27063754924,ci-1-core,"core (${{ matrix.os }}, py${{ matrix.python-version }})",completed,cancelled,2026-06-06T13:36:38Z,2026-06-06T13:36:38Z,0,574c11bdd2eecf175cc53473fae3bffdc6d0c060
79880898828,27063750819,ci-1-core,"core (${{ matrix.os }}, py${{ matrix.python-version }})",completed,cancelled,2026-06-06T13:36:14Z,2026-06-06T13:36:14Z,0,073b2a61a5ad5d6b3f1b5d97378286a79d007461
79882206600,27063648648,ci-1-core,"core (${{ matrix.os }}, py${{ matrix.python-version }})",completed,skipped,2026-06-06T13:59:00Z,2026-06-06T13:58:59Z,-1,bd7568c6fc0a24f3f437662a41a1317cb9fb6717
79880802082,27063518307,ci-1-core,"core (${{ matrix.os }}, py${{ matrix.python-version }})",completed,cancelled,2026-06-06T13:34:35Z,2026-06-06T13:34:35Z,0,97f14df4bb2ad85db1dcd254824f93efb387a273
79878486979,27062823201,ci-1-core,"core (${{ matrix.os }}, py${{ matrix.python-version }})",completed,cancelled,2026-06-06T12:53:25Z,2026-06-06T12:53:25Z,0,efdde78392fad2763afef45eb7b3de3f4c6336af
79878462681,27062820489,ci-1-core,"core (${{ matrix.os }}, py${{ matrix.python-version }})",completed,cancelled,2026-06-06T12:53:00Z,2026-06-06T12:52:59Z,-1,3defc0e095363468326285fb8daa988c5b82ba5e
79878455704,27062817659,ci-1-core,"core (${{ matrix.os }}, py${{ matrix.python-version }})",completed,cancelled,2026-06-06T12:52:52Z,2026-06-06T12:52:52Z,0,16ec03b72b33f30d349f6c0aae2202b9504ebf37
79878449580,27062815003,ci-1-core,"core (${{ matrix.os }}, py${{ matrix.python-version }})",completed,cancelled,2026-06-06T12:52:46Z,2026-06-06T12:52:46Z,0,4a60dd8a197014600dee88661db7e3016fed3c2f
79880281864,27061689735,ci-1-core,"core (${{ matrix.os }}, py${{ matrix.python-version }})",completed,cancelled,2026-06-06T13:25:42Z,2026-06-06T13:25:42Z,0,ac054408c06569ece339bc483d627ab2fefe0b90
79873386866,27060855798,ci-1-core,"core (${{ matrix.os }}, py${{ matrix.python-version }})",completed,cancelled,2026-06-06T11:19:15Z,2026-06-06T11:19:15Z,0,c84c7a464bdf7eafa1d887d7331ffe88b13eb7dd
79873374628,27060849810,ci-1-core,"core (${{ matrix.os }}, py${{ matrix.python-version }})",completed,cancelled,2026-06-06T11:19:00Z,2026-06-06T11:19:00Z,0,57bbb8aebfb422c34bb736b94b54f3fe05b6c48e
79975173965,27098538258,ci-1-core,"core (${{ matrix.os }}, py${{ matrix.python-version }})",completed,cancelled,2026-06-07T16:44:01Z,2026-06-07T16:44:01Z,0,276e24a439627b49ef55049abe041fc8b94e31e4
79973917422,27097811820,ci-1-core,"core (${{ matrix.os }}, py${{ matrix.python-version }})",completed,skipped,2026-06-07T16:24:43Z,2026-06-07T16:24:43Z,0,49c8c357882a2e71ee6e436df6340de38a64f870
79973046373,27097637942,ci-1-core,"core (${{ matrix.os }}, py${{ matrix.python-version }})",completed,cancelled,2026-06-07T16:10:28Z,2026-06-07T16:10:28Z,0,47379cb6d58900a80bbaf551b2c81525b2bb388e
79972576107,27097556488,ci-1-core,"core (${{ matrix.os }}, py${{ matrix.python-version }})",completed,cancelled,2026-06-07T16:03:15Z,2026-06-07T16:03:14Z,-1,1c3cbe59172014e8e2e05d223636c28e8f7acdbe
79972618523,27096987885,ci-1-core,"core (${{ matrix.os }}, py${{ matrix.python-version }})",completed,skipped,2026-06-07T16:03:54Z,2026-06-07T16:03:54Z,0,c31a4a58ffc3e73e3057d54df5846633b80214a4
79970554790,27096669381,ci-1-core,"core (${{ matrix.os }}, py${{ matrix.python-version }})",completed,cancelled,2026-06-07T15:32:40Z,2026-06-07T15:32:40Z,0,14c230449f04936de6322d6517ac5f89f635f9c2
79969974851,27096498208,ci-1-core,"core (${{ matrix.os }}, py${{ matrix.python-version }})",completed,cancelled,2026-06-07T15:24:11Z,2026-06-07T15:24:11Z,0,73931a6421ab7b58676b4c942ebfe5ab6596bf45
79958542495,27092201196,ci-1-core,"core (${{ matrix.os }}, py${{ matrix.python-version }})",completed,skipped,2026-06-07T12:25:24Z,2026-06-07T12:25:24Z,0,bdf704d5a90654349ecec849b7822b9c903c734a
79955747866,27091452821,ci-1-core,"core (${{ matrix.os }}, py${{ matrix.python-version }})",completed,cancelled,2026-06-07T11:39:25Z,2026-06-07T11:39:25Z,0,05fe2ce5320e778cc8383ecc14b009e8b72a36d7
79955707502,27091444802,ci-1-core,"core (${{ matrix.os }}, py${{ matrix.python-version }})",completed,cancelled,2026-06-07T11:38:43Z,2026-06-07T11:38:43Z,0,c771b597abee66a434ab086e95922d5123f88e4a
79948784112,27088727167,ci-1-core,"core (${{ matrix.os }}, py${{ matrix.python-version }})",completed,skipped,2026-06-07T09:43:12Z,2026-06-07T09:43:12Z,0,879c579efd9328bac6e70804571c0e1030017a76
79947022671,27088265779,ci-1-core,"core (${{ matrix.os }}, py${{ matrix.python-version }})",completed,cancelled,2026-06-07T09:12:42Z,2026-06-07T09:12:42Z,0,3477b31d6961003dff0433982da091bfc52baf07
80040616759,27121767322,ci-1-core,"core (${{ matrix.os }}, py${{ matrix.python-version }})",completed,cancelled,2026-06-08T07:13:22Z,2026-06-08T07:13:22Z,0,f501bb56f0bfe4349820cbaefd0fc9c232cf7672
80040767046,27120435531,ci-1-core,"core (${{ matrix.os }}, py${{ matrix.python-version }})",completed,skipped,2026-06-08T07:14:27Z,2026-06-08T07:14:27Z,0,4d285077d8c7c9a9be4f7b2c31d05465a26be7f1
80038831747,27120400529,ci-1-core,"core (${{ matrix.os }}, py${{ matrix.python-version }})",completed,skipped,2026-06-08T07:00:31Z,2026-06-08T07:00:31Z,0,3fce8dc941c48a380f0f08802a85f6a7d6b1b250
80032124905,27118660202,ci-1-core,"core (${{ matrix.os }}, py${{ matrix.python-version }})",completed,skipped,2026-06-08T06:05:37Z,2026-06-08T06:05:37Z,0,d860877929f01a080681a9a0cc9d35c2f6b7a901
80030703271,27118447754,ci-1-core,"core (${{ matrix.os }}, py${{ matrix.python-version }})",completed,cancelled,2026-06-08T05:51:49Z,2026-06-08T05:51:49Z,0,95f414062bfd00ecbd449f807f0ad699077473c2
80031055875,27117817197,ci-1-core,"core (${{ matrix.os }}, py${{ matrix.python-version }})",completed,skipped,2026-06-08T05:55:16Z,2026-06-08T05:55:16Z,0,9adf6906def8fc94dfc97fa3e26f2f50dc1371e4
80028605984,27116952825,ci-1-core,"core (${{ matrix.os }}, py${{ matrix.python-version }})",completed,skipped,2026-06-08T05:30:29Z,2026-06-08T05:30:29Z,0,ac99653c779777612cbfbbb688fe1f1043010a53
80026542071,27116819071,ci-1-core,"core (${{ matrix.os }}, py${{ matrix.python-version }})",completed,skipped,2026-06-08T05:07:56Z,2026-06-08T05:07:56Z,0,fc5e00e3fadb06a4b326bb94c2270bf8595e0930
80025336690,27116800491,ci-1-core,"core (${{ matrix.os }}, py${{ matrix.python-version }})",completed,cancelled,2026-06-08T04:54:21Z,2026-06-08T04:54:21Z,0,1bb7dd749d28a1e6273f7b61cf688cb006aaeb53
80025283862,27116746425,ci-1-core,"core (${{ matrix.os }}, py${{ matrix.python-version }})",completed,cancelled,2026-06-08T04:53:45Z,2026-06-08T04:53:45Z,0,ad7819803ae109b6bd3efe31ffaa9f5a5445896d
80026602030,27103850062,ci-1-core,"core (${{ matrix.os }}, py${{ matrix.python-version }})",completed,skipped,2026-06-08T05:08:34Z,2026-06-08T05:08:34Z,0,62f0de263f3a9fe64f11c9f751bed9083bc7a6d8
80026547892,27103784604,ci-1-core,"core (${{ matrix.os }}, py${{ matrix.python-version }})",completed,skipped,2026-06-08T05:08:00Z,2026-06-08T05:07:59Z,-1,acbc0b43d7332b7a8e2504c96f63778c0d23254a
79988243491,27102733173,ci-1-core,"core (${{ matrix.os }}, py${{ matrix.python-version }})",completed,cancelled,2026-06-07T20:09:27Z,2026-06-07T20:09:27Z,0,25c2d30085622d43645a6264b446d374d752358f
79983886258,27101505222,ci-1-core,"core (${{ matrix.os }}, py${{ matrix.python-version }})",completed,skipped,2026-06-07T19:01:40Z,2026-06-07T19:01:40Z,0,2b7a5a3d58262a96a43f811c092d73c08565d929
79982965035,27101481235,ci-1-core,"core (${{ matrix.os }}, py${{ matrix.python-version }})",completed,cancelled,2026-06-07T18:47:34Z,2026-06-07T18:47:34Z,0,36aa2dd7863b399fd8bc1ba08eff1d15362981af
79982892488,27101468311,ci-1-core,"core (${{ matrix.os }}, py${{ matrix.python-version }})",completed,cancelled,2026-06-07T18:46:32Z,2026-06-07T18:46:32Z,0,65fd3c03063a71a5b66faab71ed0190ea67594ec
79982851326,27101454819,ci-1-core,"core (${{ matrix.os }}, py${{ matrix.python-version }})",completed,cancelled,2026-06-07T18:45:58Z,2026-06-07T18:45:57Z,-1,39dddf200f5e2331694b62407f423da66297e8b7
79982812214,27101444891,ci-1-core,"core (${{ matrix.os }}, py${{ matrix.python-version }})",completed,cancelled,2026-06-07T18:45:27Z,2026-06-07T18:45:27Z,0,63250158838f2835fad7e878089358ada66adf13
79981921233,27100558093,ci-1-core,"core (${{ matrix.os }}, py${{ matrix.python-version }})",completed,skipped,2026-06-07T18:31:45Z,2026-06-07T18:31:45Z,0,9348dbcb650acb2deda4b35d8dbc06c4b23f0c23
79979179521,27099719458,ci-1-core,"core (${{ matrix.os }}, py${{ matrix.python-version }})",completed,skipped,2026-06-07T17:48:06Z,2026-06-07T17:48:06Z,0,74851d5e20bdce9b18f9082938b840d9a501b4d9
79977354453,27099419644,ci-1-core,"core (${{ matrix.os }}, py${{ matrix.python-version }})",completed,cancelled,2026-06-07T17:18:41Z,2026-06-07T17:18:41Z,0,a1f02e5345fbfc4ddeb7896a0dcf6aaa7267fa9a
80055870646,27126332374,ci-1-core,"core (${{ matrix.os }}, py${{ matrix.python-version }})",completed,cancelled,2026-06-08T08:49:06Z,2026-06-08T08:49:06Z,0,d2ac4c6b7c291cb9c48e9bc118f428919fdcf169
80047433263,27123869894,ci-1-core,"core (${{ matrix.os }}, py${{ matrix.python-version }})",completed,cancelled,2026-06-08T07:59:03Z,2026-06-08T07:59:02Z,-1,a97cdef5c885445707621d7a2ee2b4efd8b4d4b5
80046148040,27122767638,ci-1-core,"core (${{ matrix.os }}, py${{ matrix.python-version }})",completed,cancelled,2026-06-08T07:50:54Z,2026-06-08T07:50:54Z,0,3120bf6c0067450017e35f9cbc830fa26577d2bd
80044658955,27122391220,ci-1-core,"core (${{ matrix.os }}, py${{ matrix.python-version }})",completed,skipped,2026-06-08T07:41:09Z,2026-06-08T07:41:09Z,0,c5307327ed1ceca40ca8eb3d7014c30acfe85f83
80115891272,27142951898,ci-1-core,"core (${{ matrix.os }}, py${{ matrix.python-version }})",completed,skipped,2026-06-08T14:14:45Z,2026-06-08T14:14:45Z,0,62bc4ed275d78fa7e409fd3497f7052407a0dd9c
80109495754,27141939851,ci-1-core,"core (${{ matrix.os }}, py${{ matrix.python-version }})",completed,cancelled,2026-06-08T13:45:42Z,2026-06-08T13:45:42Z,0,74800f17c8a41902b46a042cb8bc51f014dc5bde
80111428999,27141707305,ci-1-core,"core (${{ matrix.os }}, py${{ matrix.python-version }})",completed,skipped,2026-06-08T13:54:38Z,2026-06-08T13:54:38Z,0,9d90be48086d55ebf5145ad7779065fd53a67475
80109274487,27141284732,ci-1-core,"core (${{ matrix.os }}, py${{ matrix.python-version }})",completed,cancelled,2026-06-08T13:44:43Z,2026-06-08T13:44:43Z,0,69eaef9f130098edba72dae7a4e24a1b57c2711d
80106874263,27140124360,ci-1-core,"core (${{ matrix.os }}, py${{ matrix.python-version }})",completed,skipped,2026-06-08T13:33:31Z,2026-06-08T13:33:31Z,0,2cc459b71a83efce4edc4d7df24a0038f9b3c3d9
80102921306,27139771945,ci-1-core,"core (${{ matrix.os }}, py${{ matrix.python-version }})",completed,cancelled,2026-06-08T13:14:49Z,2026-06-08T13:14:48Z,-1,73bd69df8fb8ccfe2335ebf89c0bd351d379566c
80103283559,27139333536,ci-1-core,"core (${{ matrix.os }}, py${{ matrix.python-version }})",completed,skipped,2026-06-08T13:16:36Z,2026-06-08T13:16:35Z,-1,29fd2f7285b9b4b9e0467685e0b4dcc4b1311963
80105719762,27139123671,ci-1-core,"core (${{ matrix.os }}, py${{ matrix.python-version }})",completed,skipped,2026-06-08T13:28:12Z,2026-06-08T13:28:11Z,-1,9797863ab5a24912e6d19fce8873948b07a413c8
80101303304,27138877829,ci-1-core,"core (${{ matrix.os }}, py${{ matrix.python-version }})",completed,skipped,2026-06-08T13:06:48Z,2026-06-08T13:06:47Z,-1,56c2ff13273edfe50f96e358bad8f68baf2352e1
80097584722,27137922367,ci-1-core,"core (${{ matrix.os }}, py${{ matrix.python-version }})",completed,skipped,2026-06-08T12:47:31Z,2026-06-08T12:47:31Z,0,9de90e8e3501256bc2fa135eb819ce8bf7a09c3d
80099728389,27136283586,ci-1-core,"core (${{ matrix.os }}, py${{ matrix.python-version }})",completed,skipped,2026-06-08T12:58:46Z,2026-06-08T12:58:46Z,0,35b12d6f92397d8d2059e445e79a325e61b504b2
80097878578,27135455440,ci-1-core,"core (${{ matrix.os }}, py${{ matrix.python-version }})",completed,skipped,2026-06-08T12:49:04Z,2026-06-08T12:49:04Z,0,21ff10ec4d402ce2c6a9ae4914944603b77273f5
80086199472,27134445145,ci-1-core,"core (${{ matrix.os }}, py${{ matrix.python-version }})",completed,skipped,2026-06-08T11:44:08Z,2026-06-08T11:44:07Z,-1,f92f784d0e5fd6631b562bacff5f9cfcc933bfb4
80086076735,27133957103,ci-1-core,"core (${{ matrix.os }}, py${{ matrix.python-version }})",completed,skipped,2026-06-08T11:43:25Z,2026-06-08T11:43:25Z,0,168e3ddf6e355c195dc3d9eb23e1eb99e83543a1
80082876409,27133508087,ci-1-core,"core (${{ matrix.os }}, py${{ matrix.python-version }})",completed,skipped,2026-06-08T11:24:16Z,2026-06-08T11:24:16Z,0,942cd2e385ee42015fcec985bfe70c7d461e11b7
80080253032,27132864369,ci-1-core,"core (${{ matrix.os }}, py${{ matrix.python-version }})",completed,skipped,2026-06-08T11:08:34Z,2026-06-08T11:08:34Z,0,c8095fe500cf07ac30b08d12ae30f582f1d9504d
80079489204,27132677487,ci-1-core,"core (${{ matrix.os }}, py${{ matrix.python-version }})",completed,skipped,2026-06-08T11:04:07Z,2026-06-08T11:04:07Z,0,059dcff7d3af045ef22391cf7d73af2a7d6def88
80080293671,27132618438,ci-1-core,"core (${{ matrix.os }}, py${{ matrix.python-version }})",completed,skipped,2026-06-08T11:08:48Z,2026-06-08T11:08:48Z,0,e233bec0a0d7f4e3ba05f48c387ca26fb6c6fe47
80077967797,27132551150,ci-1-core,"core (${{ matrix.os }}, py${{ matrix.python-version }})",completed,cancelled,2026-06-08T10:55:02Z,2026-06-08T10:55:01Z,-1,ce8a545d0a739943cb85a1d38bc50b232613034c
80076905567,27132529752,ci-1-core,"core (${{ matrix.os }}, py${{ matrix.python-version }})",completed,cancelled,2026-06-08T10:48:38Z,2026-06-08T10:48:38Z,0,a06c84f725335b95cab04c943cf528534f104570
80076834384,27132424536,ci-1-core,"core (${{ matrix.os }}, py${{ matrix.python-version }})",completed,cancelled,2026-06-08T10:48:12Z,2026-06-08T10:48:11Z,-1,d6014ab2e1b56121cbc40414979deaa4d46c008d
80077347519,27132403760,ci-1-core,"core (${{ matrix.os }}, py${{ matrix.python-version }})",completed,cancelled,2026-06-08T10:51:18Z,2026-06-08T10:51:18Z,0,08d037ece9eee4793bb21bb5826db654633cf857
80074964637,27131275019,ci-1-core,"core (${{ matrix.os }}, py${{ matrix.python-version }})",completed,skipped,2026-06-08T10:37:06Z,2026-06-08T10:37:06Z,0,3308c205393e631c42e28ecbccfa4ec9225b23f5
80072560476,27131257553,ci-1-core,"core (${{ matrix.os }}, py${{ matrix.python-version }})",completed,cancelled,2026-06-08T10:22:41Z,2026-06-08T10:22:41Z,0,f1cc3e59235bed38fc2aa657cee24f378856ae9d
80070429141,27129897549,ci-1-core,"core (${{ matrix.os }}, py${{ matrix.python-version }})",completed,skipped,2026-06-08T10:10:18Z,2026-06-08T10:10:18Z,0,337df109b68e38f5ca2f8d1e30ed748bbcbf96bc
80067992950,27129878833,ci-1-core,"core (${{ matrix.os }}, py${{ matrix.python-version }})",completed,cancelled,2026-06-08T09:56:42Z,2026-06-08T09:56:42Z,0,2f5d791a38a29de82eba8020adad4270bdd518b7
80067875608,27129838598,ci-1-core,"core (${{ matrix.os }}, py${{ matrix.python-version }})",completed,cancelled,2026-06-08T09:56:03Z,2026-06-08T09:56:03Z,0,2403000108703d4e1c887ac2c5b73ce26bfe905e
80073952428,27129133581,ci-1-core,"core (${{ matrix.os }}, py${{ matrix.python-version }})",completed,skipped,2026-06-08T10:30:59Z,2026-06-08T10:30:58Z,-1,74878c78bee0958e3575c0aa40f5e2d37ce1636e
80072723069,27128309497,ci-1-core,"core (${{ matrix.os }}, py${{ matrix.python-version }})",completed,skipped,2026-06-08T10:23:40Z,2026-06-08T10:23:40Z,0,915a45564d8e82ad465d8b0e39b74341d5173d79
80186033614,27163854152,ci-1-core,"core (${{ matrix.os }}, py${{ matrix.python-version }})",completed,cancelled,2026-06-08T20:08:51Z,2026-06-08T20:08:51Z,0,47d9b64697b824212c52b4ad6e10417bab2c7ab4
80185917138,27163827336,ci-1-core,"core (${{ matrix.os }}, py${{ matrix.python-version }})",completed,cancelled,2026-06-08T20:08:13Z,2026-06-08T20:08:13Z,0,00100563c90a0602c0a6c784276f0c4564a8f67d
80185827090,27163807202,ci-1-core,"core (${{ matrix.os }}, py${{ matrix.python-version }})",completed,cancelled,2026-06-08T20:07:44Z,2026-06-08T20:07:44Z,0,6f7c4681d4ed6a6f05bb5862ece79ee5d0ef1611
80179211149,27160570166,ci-1-core,"core (${{ matrix.os }}, py${{ matrix.python-version }})",completed,skipped,2026-06-08T19:31:54Z,2026-06-08T19:31:53Z,-1,379013d523d9bb680786ce740db9f4ab2c8a11f4
80170824372,27158214996,ci-1-core,"core (${{ matrix.os }}, py${{ matrix.python-version }})",completed,skipped,2026-06-08T18:46:54Z,2026-06-08T18:46:53Z,-1,90e5871215dd5cca0b6cad1453c4f1491fcb3512
80167486062,27158127810,ci-1-core,"core (${{ matrix.os }}, py${{ matrix.python-version }})",completed,cancelled,2026-06-08T18:29:05Z,2026-06-08T18:29:05Z,0,58f5b56c2ed91b51a1dbe2e4a82aebb0ceeed128
80166919331,27157731256,ci-1-core,"core (${{ matrix.os }}, py${{ matrix.python-version }})",completed,cancelled,2026-06-08T18:25:59Z,2026-06-08T18:25:59Z,0,7102daaad6440086a452264e71185d246dacade5
80166264038,27157132935,ci-1-core,"core (${{ matrix.os }}, py${{ matrix.python-version }})",completed,cancelled,2026-06-08T18:22:29Z,2026-06-08T18:22:29Z,0,94e3e9cc26687896dfe7248dd963df31ed2b501f
80167395381,27156926698,ci-1-core,"core (${{ matrix.os }}, py${{ matrix.python-version }})",completed,skipped,2026-06-08T18:28:36Z,2026-06-08T18:28:36Z,0,ea386dc28b66aa45c9e18d3ff3bebe212b4d62ae
80162830244,27156660206,ci-1-core,"core (${{ matrix.os }}, py${{ matrix.python-version }})",completed,cancelled,2026-06-08T18:04:03Z,2026-06-08T18:04:03Z,0,4dc7ac85a06f762b61a24939d9ca4cd284a888e5
80161657579,27155591662,ci-1-core,"core (${{ matrix.os }}, py${{ matrix.python-version }})",completed,skipped,2026-06-08T17:58:01Z,2026-06-08T17:58:01Z,0,23e0a519df18b83c0413ecdfacbbefd0e07419cf
80135551350,27147544835,ci-1-core,"core (${{ matrix.os }}, py${{ matrix.python-version }})",completed,cancelled,2026-06-08T15:43:38Z,2026-06-08T15:43:38Z,0,0f31543159e78bf64a2d23f426591dd1013cccb5
80125467939,27146232444,ci-1-core,"core (${{ matrix.os }}, py${{ matrix.python-version }})",completed,cancelled,2026-06-08T14:57:46Z,2026-06-08T14:57:45Z,-1,aeaa4595e54e0d4fb9367315d61429de123279d4
80124707579,27146126062,ci-1-core,"core (${{ matrix.os }}, py${{ matrix.python-version }})",completed,cancelled,2026-06-08T14:54:21Z,2026-06-08T14:54:21Z,0,f4211be7ece1fe007fc6d4791a0a45fa6ece519e
80269910107,27190123679,ci-1-core,"core (${{ matrix.os }}, py${{ matrix.python-version }})",completed,cancelled,2026-06-09T07:25:26Z,2026-06-09T07:25:26Z,0,bb1b16bf0e77a0a293dc1607099f4e18672361ba
80265595438,27189259716,ci-1-core,"core (${{ matrix.os }}, py${{ matrix.python-version }})",completed,cancelled,2026-06-09T06:56:52Z,2026-06-09T06:56:52Z,0,a9627c02069f91c9f56271303ad4faada8fb3c3b
80265282161,27189221218,ci-1-core,"core (${{ matrix.os }}, py${{ matrix.python-version }})",completed,cancelled,2026-06-09T06:54:36Z,2026-06-09T06:54:36Z,0,c8a7df0908ef89f8c9fc72d951ab1bd229cea349
80265168529,27189201514,ci-1-core,"core (${{ matrix.os }}, py${{ matrix.python-version }})",completed,cancelled,2026-06-09T06:53:48Z,2026-06-09T06:53:47Z,-1,520a247c81c156783933c265c2e3aa1d4e69f134
80258699476,27186854204,ci-1-core,"core (${{ matrix.os }}, py${{ matrix.python-version }})",completed,cancelled,2026-06-09T06:04:52Z,2026-06-09T06:04:52Z,0,dc7ae181d41fb53153770bc8684164545d5bf8c4
80253485148,27185184994,ci-1-core,"core (${{ matrix.os }}, py${{ matrix.python-version }})",completed,skipped,2026-06-09T05:18:05Z,2026-06-09T05:18:05Z,0,65d0030bf67e520c0d333bf1ed563e153031c905
80254351149,27184944388,ci-1-core,"core (${{ matrix.os }}, py${{ matrix.python-version }})",completed,skipped,2026-06-09T05:26:16Z,2026-06-09T05:26:16Z,0,93770e9d216f2cb3dfd33f673670e6a728fcf5bf
80251612658,27184867141,ci-1-core,"core (${{ matrix.os }}, py${{ matrix.python-version }})",completed,cancelled,2026-06-09T04:59:50Z,2026-06-09T04:59:50Z,0,0dabc8d2a061ff862e0a03606008269b494b948a
80252481213,27184836283,ci-1-core,"core (${{ matrix.os }}, py${{ matrix.python-version }})",completed,cancelled,2026-06-09T05:08:17Z,2026-06-09T05:08:17Z,0,898d39477e426f35f53642bebac99f4811b1d6cc
80251565891,27184209938,ci-1-core,"core (${{ matrix.os }}, py${{ matrix.python-version }})",completed,cancelled,2026-06-09T04:59:22Z,2026-06-09T04:59:21Z,-1,9b4a29146a0e8c644bb6f4491b27d092ec3512d3
80249816915,27165276153,ci-1-core,"core (${{ matrix.os }}, py${{ matrix.python-version }})",completed,skipped,2026-06-09T04:41:31Z,2026-06-09T04:41:31Z,0,71bc13e98bcdb8f4e115ae95b88b795898ce6394
80328805616,27207340583,ci-1-core,"core (${{ matrix.os }}, py${{ matrix.python-version }})",completed,skipped,2026-06-09T13:02:23Z,2026-06-09T13:02:23Z,0,8bf8454703702ba319353ca16792e35df8ff33b8
80328283864,27206924320,ci-1-core,"core (${{ matrix.os }}, py${{ matrix.python-version }})",completed,cancelled,2026-06-09T12:59:54Z,2026-06-09T12:59:54Z,0,a16076ac089fc103311f081e5e810507776ed830
80324659562,27206759468,ci-1-core,"core (${{ matrix.os }}, py${{ matrix.python-version }})",completed,cancelled,2026-06-09T12:41:20Z,2026-06-09T12:41:20Z,0,e25f8a99e862e7402861dc510da3767cb0ed1d78
80323331464,27205835852,ci-1-core,"core (${{ matrix.os }}, py${{ matrix.python-version }})",completed,skipped,2026-06-09T12:34:14Z,2026-06-09T12:34:14Z,0,83cd4560d378b6031e46501680c5c587c6697614
80325141304,27205638959,ci-1-core,"core (${{ matrix.os }}, py${{ matrix.python-version }})",completed,cancelled,2026-06-09T12:43:52Z,2026-06-09T12:43:51Z,-1,17fcee1a1bb813ac93e0ab116b3fbb4384199e7d
80317728858,27204770985,ci-1-core,"core (${{ matrix.os }}, py${{ matrix.python-version }})",completed,cancelled,2026-06-09T12:03:39Z,2026-06-09T12:03:39Z,0,b35732f83b06a3b7e9732b029532b3f51be46655
80311497545,27203009989,ci-1-core,"core (${{ matrix.os }}, py${{ matrix.python-version }})",completed,cancelled,2026-06-09T11:27:39Z,2026-06-09T11:27:39Z,0,2ef30f98035b2976ee21f21608da62b4115479f2
80311466913,27203001966,ci-1-core,"core (${{ matrix.os }}, py${{ matrix.python-version }})",completed,cancelled,2026-06-09T11:27:28Z,2026-06-09T11:27:28Z,0,467eed21651959273204b65189c3cfe2b2e5728a
80310512325,27201449097,ci-1-core,"core (${{ matrix.os }}, py${{ matrix.python-version }})",completed,skipped,2026-06-09T11:21:53Z,2026-06-09T11:21:53Z,0,2a31595bdf536b8978a380c1d6dca2f04c46ae60
80306265590,27201026681,ci-1-core,"core (${{ matrix.os }}, py${{ matrix.python-version }})",completed,cancelled,2026-06-09T10:57:35Z,2026-06-09T10:57:35Z,0,6d89674edf7a28e244d86843a7f0d01d83ad20be
80304785444,27199876821,ci-1-core,"core (${{ matrix.os }}, py${{ matrix.python-version }})",completed,cancelled,2026-06-09T10:48:42Z,2026-06-09T10:48:42Z,0,8b35eb9037cbe697cb885a56f44ce2b38def6e92
80300879508,27199630010,ci-1-core,"core (${{ matrix.os }}, py${{ matrix.python-version }})",completed,cancelled,2026-06-09T10:25:18Z,2026-06-09T10:25:18Z,0,75be4a55ed1c87421ecfe43af573b464ab70922d
80300089433,27199554854,ci-1-core,"core (${{ matrix.os }}, py${{ matrix.python-version }})",completed,cancelled,2026-06-09T10:20:43Z,2026-06-09T10:20:43Z,0,89b5274b5dbb5717ca3f96216dcad12b65b0ee4e
80299827927,27199521008,ci-1-core,"core (${{ matrix.os }}, py${{ matrix.python-version }})",completed,cancelled,2026-06-09T10:19:12Z,2026-06-09T10:19:12Z,0,331c73a9826dc506e398b2fd73033d2b886e33e0
80302694932,27198597822,ci-1-core,"core (${{ matrix.os }}, py${{ matrix.python-version }})",completed,skipped,2026-06-09T10:36:02Z,2026-06-09T10:36:02Z,0,831681305c760fef6fd25d08616d1cf4e12bf559
80305860641,27198086927,ci-1-core,"core (${{ matrix.os }}, py${{ matrix.python-version }})",completed,skipped,2026-06-09T10:55:13Z,2026-06-09T10:55:12Z,-1,44e0dccf228916b13d265215da91c5f637ddf0d7
80289563170,27196492314,ci-1-core,"core (${{ matrix.os }}, py${{ matrix.python-version }})",completed,cancelled,2026-06-09T09:21:41Z,2026-06-09T09:21:41Z,0,2b4ec4a2fc44ee9007a5abda3edf51e07519b22b
80289374663,27196469037,ci-1-core,"core (${{ matrix.os }}, py${{ matrix.python-version }})",completed,cancelled,2026-06-09T09:20:39Z,2026-06-09T09:20:39Z,0,60c1c0b3ef0104ed947c576a7448713e38340fac
80289328754,27196133937,ci-1-core,"core (${{ matrix.os }}, py${{ matrix.python-version }})",completed,cancelled,2026-06-09T09:20:25Z,2026-06-09T09:20:24Z,-1,0770800e4f1fc96a55955eca7fd29bdfb75d67e9
80288172996,27196112840,ci-1-core,"core (${{ matrix.os }}, py${{ matrix.python-version }})",completed,cancelled,2026-06-09T09:14:01Z,2026-06-09T09:14:01Z,0,0bd6098e7db623379566dd8ced9fec4188da3ef5
80283426135,27194176331,ci-1-core,"core (${{ matrix.os }}, py${{ matrix.python-version }})",completed,skipped,2026-06-09T08:47:27Z,2026-06-09T08:47:27Z,0,38f270de450aedbaa0ad6cfb781f97b90d902ebd
80285044514,27193910324,ci-1-core,"core (${{ matrix.os }}, py${{ matrix.python-version }})",completed,skipped,2026-06-09T08:56:48Z,2026-06-09T08:56:48Z,0,fe680d13e97daa6cee51d1f2d3cf15633af83141
80283358048,27193349226,ci-1-core,"core (${{ matrix.os }}, py${{ matrix.python-version }})",completed,skipped,2026-06-09T08:47:03Z,2026-06-09T08:47:03Z,0,4a914749ec0740f9baf2e8f440c0bc5a02240864
80280663458,27193179566,ci-1-core,"core (${{ matrix.os }}, py${{ matrix.python-version }})",completed,cancelled,2026-06-09T08:31:24Z,2026-06-09T08:31:24Z,0,6393555f8847f1c4d70ada16cac68f448a3fb692
80278186903,27193146616,ci-1-core,"core (${{ matrix.os }}, py${{ matrix.python-version }})",completed,cancelled,2026-06-09T08:17:02Z,2026-06-09T08:17:02Z,0,6c8034f489c1aa810c64366109b8af24f1e23db5
80278072214,27192600982,ci-1-core,"core (${{ matrix.os }}, py${{ matrix.python-version }})",completed,cancelled,2026-06-09T08:16:23Z,2026-06-09T08:16:22Z,-1,18e6e3ddbb72c10f8b98b841ec90cac2ab86608c
80276249105,27192475195,ci-1-core,"core (${{ matrix.os }}, py${{ matrix.python-version }})",completed,cancelled,2026-06-09T08:05:44Z,2026-06-09T08:05:44Z,0,74aefbd0b9d8f3ef0a923e7630ea859f71ada7c4
80280283693,27192439586,ci-1-core,"core (${{ matrix.os }}, py${{ matrix.python-version }})",completed,skipped,2026-06-09T08:29:15Z,2026-06-09T08:29:15Z,0,a369282249789c978d9b8d1d4ab3dbe7e5232518
80279863014,27192211109,ci-1-core,"core (${{ matrix.os }}, py${{ matrix.python-version }})",completed,skipped,2026-06-09T08:26:49Z,2026-06-09T08:26:48Z,-1,6a3225a813745001a328fe9da47c5fe1eff7e9c0
80277461409,27192088192,ci-1-core,"core (${{ matrix.os }}, py${{ matrix.python-version }})",completed,skipped,2026-06-09T08:12:53Z,2026-06-09T08:12:53Z,0,c01b4e09afb41d428962f49021435e799e0c0654
80275828951,27192017658,ci-1-core,"core (${{ matrix.os }}, py${{ matrix.python-version }})",completed,cancelled,2026-06-09T08:03:15Z,2026-06-09T08:03:15Z,0,32db40d8a22d783fecd60b6ebdeacc2dab232b6d
80275983482,27191005930,ci-1-core,"core (${{ matrix.os }}, py${{ matrix.python-version }})",completed,skipped,2026-06-09T08:04:13Z,2026-06-09T08:04:12Z,-1,71d40a4facbe319e01834394cf55e18b46605da6
80489080724,27254944812,ci-1-core,"core (${{ matrix.os }}, py${{ matrix.python-version }})",completed,skipped,2026-06-10T05:34:53Z,2026-06-10T05:34:52Z,-1,0a326ea2c390a6c948876b84d15ff562db8ad2ae
80485977607,27254366911,ci-1-core,"core (${{ matrix.os }}, py${{ matrix.python-version }})",completed,cancelled,2026-06-10T05:06:30Z,2026-06-10T05:06:30Z,0,b1ac605bd394b6ebdd6d224f51f3d241121a3302
80485380565,27254346646,ci-1-core,"core (${{ matrix.os }}, py${{ matrix.python-version }})",completed,cancelled,2026-06-10T05:01:15Z,2026-06-10T05:01:15Z,0,49458eb444adca6e53adf72e1788767fd5408c9f
80486481506,27253858352,ci-1-core,"core (${{ matrix.os }}, py${{ matrix.python-version }})",completed,skipped,2026-06-10T05:11:08Z,2026-06-10T05:11:07Z,-1,e29d6b74ebaeb27f401e673138da64dc9cb22936
80406055207,27228479848,ci-1-core,"core (${{ matrix.os }}, py${{ matrix.python-version }})",completed,cancelled,2026-06-09T19:12:49Z,2026-06-09T19:12:49Z,0,0693b36294cb7a1223b7dec9e5a00e2487de619f
80401989892,27228448933,ci-1-core,"core (${{ matrix.os }}, py${{ matrix.python-version }})",completed,cancelled,2026-06-09T18:51:57Z,2026-06-09T18:51:57Z,0,175b64ece28ecd213eedcfd4fe63bbd78ea8734b
80407072731,27227837148,ci-1-core,"core (${{ matrix.os }}, py${{ matrix.python-version }})",completed,skipped,2026-06-09T19:18:14Z,2026-06-09T19:18:13Z,-1,b70caa459ce535524ddb668c4f8e11babee3686a
80393797215,27226129105,ci-1-core,"core (${{ matrix.os }}, py${{ matrix.python-version }})",completed,cancelled,2026-06-09T18:09:55Z,2026-06-09T18:09:55Z,0,1a4c4c9e2ddc389ee69f28e00e5e6a079ad31978
80393724774,27225547682,ci-1-core,"core (${{ matrix.os }}, py${{ matrix.python-version }})",completed,cancelled,2026-06-09T18:09:32Z,2026-06-09T18:09:32Z,0,33dc110efa8ca072df282855cd348fb5ccb2a181
80391632680,27225528073,ci-1-core,"core (${{ matrix.os }}, py${{ matrix.python-version }})",completed,cancelled,2026-06-09T17:58:45Z,2026-06-09T17:58:45Z,0,a8d945a6d097ff1554430fe3bc71babb2b7f2239
80391603279,27224689489,ci-1-core,"core (${{ matrix.os }}, py${{ matrix.python-version }})",completed,cancelled,2026-06-09T17:58:36Z,2026-06-09T17:58:36Z,0,4923abc735854a31b4211d0b578d26644c9e89d7
80386324099,27222999796,ci-1-core,"core (${{ matrix.os }}, py${{ matrix.python-version }})",completed,skipped,2026-06-09T17:31:18Z,2026-06-09T17:31:18Z,0,bae37e6790d2890af212d80e5eebfa12d28957c9
80384919511,27222260114,ci-1-core,"core (${{ matrix.os }}, py${{ matrix.python-version }})",completed,skipped,2026-06-09T17:24:00Z,2026-06-09T17:24:00Z,0,af8f33257dc993ce8791eec2b0945b0ff0bb8133
80379959716,27221945914,ci-1-core,"core (${{ matrix.os }}, py${{ matrix.python-version }})",completed,cancelled,2026-06-09T16:58:56Z,2026-06-09T16:58:55Z,-1,9bf4c0501ae32d4dc1e665828ed324113e26c3bf
80378769427,27221928931,ci-1-core,"core (${{ matrix.os }}, py${{ matrix.python-version }})",completed,cancelled,2026-06-09T16:52:58Z,2026-06-09T16:52:57Z,-1,7154028fe9cbbaa30409667686ec779cff7cb688
80378764513,27220711856,ci-1-core,"core (${{ matrix.os }}, py${{ matrix.python-version }})",completed,cancelled,2026-06-09T16:52:56Z,2026-06-09T16:52:56Z,0,62fb759874557e3f1836ccb6d3f754ec53cd3172
80379643561,27220614211,ci-1-core,"core (${{ matrix.os }}, py${{ matrix.python-version }})",completed,skipped,2026-06-09T16:57:21Z,2026-06-09T16:57:21Z,0,c98cadecccac96b13a6558f67e7f5e88dfa6732b
80374536092,27220543031,ci-1-core,"core (${{ matrix.os }}, py${{ matrix.python-version }})",completed,cancelled,2026-06-09T16:31:14Z,2026-06-09T16:31:14Z,0,97a77de3a8561e1cddfdb48581a713b1a5719bc0
80373899167,27220518715,ci-1-core,"core (${{ matrix.os }}, py${{ matrix.python-version }})",completed,cancelled,2026-06-09T16:28:00Z,2026-06-09T16:28:00Z,0,be9e757c460888ee09310e2a05c61ee18acf3af9
80367557395,27218717927,ci-1-core,"core (${{ matrix.os }}, py${{ matrix.python-version }})",completed,cancelled,2026-06-09T15:57:11Z,2026-06-09T15:57:10Z,-1,3f6bc120fa982f3de1ebc2c1a43def46c9d79123
80367429809,27218668740,ci-1-core,"core (${{ matrix.os }}, py${{ matrix.python-version }})",completed,cancelled,2026-06-09T15:56:36Z,2026-06-09T15:56:35Z,-1,1a7d036df36842540626b3e73b33111edae57bfd
80367292391,27218648548,ci-1-core,"core (${{ matrix.os }}, py${{ matrix.python-version }})",completed,cancelled,2026-06-09T15:55:56Z,2026-06-09T15:55:56Z,0,7ffed8c2046471125a962ba0b17c3bd55844bd8f
80361066745,27215115324,ci-1-core,"core (${{ matrix.os }}, py${{ matrix.python-version }})",completed,skipped,2026-06-09T15:27:42Z,2026-06-09T15:27:42Z,0,1e26b42c938bee78260f5ba66f3528e6f05d1565
80354442728,27215039664,ci-1-core,"core (${{ matrix.os }}, py${{ matrix.python-version }})",completed,cancelled,2026-06-09T14:57:53Z,2026-06-09T14:57:52Z,-1,44cdcbaf38051900085008f7fec74a2952b003a3
80373867919,27214966082,ci-1-core,"core (${{ matrix.os }}, py${{ matrix.python-version }})",completed,skipped,2026-06-09T16:27:50Z,2026-06-09T16:27:50Z,0,b4ab0546153d1a083a5f0daefd0cca68d4597145
80358906548,27214689643,ci-1-core,"core (${{ matrix.os }}, py${{ matrix.python-version }})",completed,skipped,2026-06-09T15:18:30Z,2026-06-09T15:18:29Z,-1,1401e9dbb4de44afa7790c1273426631a9459df9
80359058109,27214555246,ci-1-core,"core (${{ matrix.os }}, py${{ matrix.python-version }})",completed,skipped,2026-06-09T15:19:06Z,2026-06-09T15:19:06Z,0,feca4755a5fd9c7271090d67154ffd9a26a8b217
80347189755,27212869519,ci-1-core,"core (${{ matrix.os }}, py${{ matrix.python-version }})",completed,cancelled,2026-06-09T14:26:09Z,2026-06-09T14:26:08Z,-1,20a304f7bd74b75984c658e2d504a563ac8b11b4
